%time,field.x,field.y,field.z
22206000000,0.0,0.0,0.0
22226000000,0.0,0.0,0.0
22255000000,0.0,0.0,0.0
22286000000,0.0,0.0,0.0
22317000000,0.0,0.0,0.0
22347000000,0.0,0.0,0.0
22387000000,0.0,0.0,0.0
22406000000,0.0,0.0,0.0
22436000000,0.0,0.0,0.0
22459000000,0.0,0.0,0.0
22477000000,0.0,0.0,0.0
22511000000,0.0,0.0,0.0
22557000000,0.0,0.0,0.0
22583000000,0.0,0.0,0.0
22607000000,0.0,0.0,0.0
22642000000,0.0,0.0,0.0
22679000000,0.0,0.0,0.0
22713000000,0.0,0.0,0.0
22734000000,0.0,0.0,0.0
22777000000,0.0,0.0,0.0
22811000000,0.0,0.0,0.0
22860000000,0.0,0.0,0.0
22909000000,0.0,0.0,0.0
22927000000,0.0,0.0,0.0
22949000000,0.0,0.0,0.0
22973000000,0.0,0.0,0.0
23006000000,0.0,0.0,0.0
23037000000,0.0,0.0,0.0
23066000000,0.0,0.0,0.0
23110000000,0.0,0.0,0.0
23137000000,0.0,0.0,0.0
23159000000,0.0,0.0,0.0
23188000000,0.0,0.0,0.0
23214000000,0.0,0.0,0.0
23243000000,0.0,0.0,0.0
23291000000,0.0,0.0,0.0
23324000000,0.0,0.0,0.0
23358000000,0.0,0.0,0.0
23405000000,0.0,0.0,0.0
23448000000,0.0,0.0,0.0
23497000000,0.0,0.0,0.0
23551000000,0.0,0.0,0.0
23603000000,0.0,0.0,0.0
23654000000,0.0,0.0,0.0
23695000000,0.0,0.0,0.0
23748000000,0.0,0.0,0.0
23783000000,0.0,0.0,0.0
23815000000,0.0,0.0,0.0
23856000000,0.0,0.0,0.0
23891000000,0.0,0.0,0.0
23917000000,0.0,0.0,0.0
23942000000,0.0,0.0,0.0
23979000000,0.0,0.0,0.0
24007000000,0.0,0.0,0.0
24043000000,0.0,0.0,0.0
24079000000,0.0,0.0,0.0
24121000000,0.0,0.0,0.0
24155000000,0.0,0.0,0.0
24185000000,0.0,0.0,0.0
24225000000,0.0,0.0,0.0
24270000000,0.0,0.0,0.0
24310000000,0.0,0.0,0.0
24336000000,0.0,0.0,0.0
24379000000,0.0,0.0,0.0
24419000000,0.0,0.0,0.0
24454000000,0.0,0.0,0.0
24484000000,0.0,0.0,0.0
24519000000,0.0,0.0,0.0
24546000000,0.0,0.0,0.0
24584000000,0.0,0.0,0.0
24608000000,0.0,0.0,0.0
24643000000,0.0,0.0,0.0
24675000000,0.0,0.0,0.0
24704000000,0.0,0.0,0.0
24740000000,0.0,0.0,0.0
24773000000,0.0,0.0,0.0
24818000000,0.0,0.0,0.0
24842000000,0.0,0.0,0.0
24875000000,0.0,0.0,0.0
24906000000,0.0,0.0,0.0
24936000000,0.0,0.0,0.0
24980000000,0.0,0.0,0.0
25015000000,0.0,0.0,0.0
25046000000,0.0,0.0,0.0
25077000000,0.0,0.0,0.0
25116000000,0.0,0.0,0.0
25146000000,0.0,0.0,0.0
25186000000,0.0,0.0,0.0
25227000000,0.0,0.0,0.0
25275000000,0.0,0.0,0.0
25308000000,0.0,0.0,0.0
25345000000,0.0,0.0,0.0
25385000000,0.0,0.0,0.0
25423000000,0.0,0.0,0.0
25472000000,0.0,0.0,0.0
25510000000,0.0,0.0,0.0
25562000000,0.0,0.0,0.0
25610000000,0.0,0.0,0.0
25664000000,0.0,0.0,0.0
25732000000,0.0,0.0,0.0
25796000000,0.0,0.0,0.0
25851000000,0.0,0.0,0.0
25894000000,0.0,0.0,0.0
25944000000,0.0,0.0,0.0
26004000000,0.0,0.0,0.0
26055000000,0.0,0.0,0.0
26098000000,0.0,0.0,0.0
26144000000,0.0,0.0,0.0
26220000000,0.0,0.0,0.0
26270000000,0.0,0.0,0.0
26317000000,0.0,0.0,0.0
26355000000,0.0,0.0,0.0
26404000000,0.0,0.0,0.0
26475000000,0.0,0.0,0.0
26541000000,0.0,0.0,0.0
26584000000,0.0,0.0,0.0
26622000000,0.0,0.0,0.0
26663000000,0.0,0.0,0.0
26701000000,0.0,0.0,0.0
26768000000,0.0,0.0,0.0
26811000000,0.0,0.0,0.0
26861000000,0.0,0.0,0.0
26901000000,0.0,0.0,0.0
26953000000,0.0,0.0,0.0
27000000000,0.0,0.0,0.0
27063000000,0.0,0.0,0.0
27123000000,0.0,0.0,0.0
27148000000,0.0,0.0,0.0
27196000000,0.0,0.0,0.0
27235000000,0.0,0.0,0.0
27292000000,0.0,0.0,0.0
27343000000,0.0,0.0,0.0
27375000000,0.0,0.0,0.0
27447000000,0.0,0.0,0.0
27476000000,0.0,0.0,0.0
27500000000,0.0,0.0,0.0
27562000000,0.0,0.0,0.0
27627000000,0.0,0.0,0.0
27678000000,0.0,0.0,0.0
27703000000,0.0,0.0,0.0
27746000000,0.0,0.0,0.0
27776000000,0.0,0.0,0.0
27809000000,0.0,0.0,0.0
27843000000,0.0,0.0,0.0
27885000000,0.0,0.0,0.0
27915000000,0.0,0.0,0.0
27944000000,0.0,0.0,0.0
27983000000,0.0,0.0,0.0
28024000000,0.0,0.0,0.0
28054000000,0.0,0.0,0.0
28095000000,0.0,0.0,0.0
28145000000,0.0,0.0,0.0
28160000000,0.0,0.0,0.0
28181000000,0.0,0.0,0.0
28208000000,0.0,0.0,0.0
28250000000,0.0,0.0,0.0
28284000000,0.0,0.0,0.0
28317000000,0.0,0.0,0.0
28342000000,0.0,0.0,0.0
28378000000,0.0,0.0,0.0
28407000000,0.0,0.0,0.0
28437000000,0.0,0.0,0.0
28478000000,0.0,0.0,0.0
28517000000,0.0,0.0,0.0
28565000000,0.0,0.0,0.0
28610000000,0.0,0.0,0.0
28661000000,0.0,0.0,0.0
28683000000,0.0,0.0,0.0
28722000000,0.0,0.0,0.0
28754000000,0.0,0.0,0.0
28781000000,0.0,0.0,0.0
28823000000,0.0,0.0,0.0
28872000000,0.0,0.0,0.0
28930000000,0.0,0.0,0.0
28964000000,0.0,0.0,0.0
29009000000,0.0,0.0,0.0
29050000000,0.0,0.0,0.0
29088000000,0.0,0.0,0.0
29111000000,0.0,0.0,0.0
29125000000,0.0,0.0,0.0
29159000000,0.0,0.0,0.0
29202000000,0.0,0.0,0.0
29234000000,0.0,0.0,0.0
29273000000,0.0,0.0,0.0
29311000000,0.0,0.0,0.0
29344000000,0.0,0.0,0.0
29382000000,0.0,0.0,0.0
29418000000,0.0,0.0,0.0
29458000000,0.0,0.0,0.0
29492000000,0.0,0.0,0.0
29511000000,0.0,0.0,0.0
29540000000,0.0,0.0,0.0
29573000000,0.0,0.0,0.0
29635000000,0.0,0.0,0.0
29693000000,0.0,0.0,0.0
29741000000,0.0,0.0,0.0
29780000000,0.0,0.0,0.0
29816000000,0.0,0.0,0.0
29855000000,0.0,0.0,0.0
29921000000,0.0,0.0,0.0
29965000000,0.0,0.0,0.0
30001000000,0.0,0.0,0.0
30046000000,0.0,0.0,0.0
30091000000,0.0,0.0,0.0
30142000000,0.0,0.0,0.0
30183000000,0.0,0.0,0.0
30221000000,0.0,0.0,0.0
30269000000,0.0,0.0,0.0
30330000000,0.0,0.0,0.0
30375000000,0.0,0.0,0.0
30421000000,0.0,0.0,0.0
30458000000,0.0,0.0,0.0
30492000000,0.0,0.0,0.0
30547000000,0.0,0.0,0.0
30593000000,0.0,0.0,0.0
30640000000,0.0,0.0,0.0
30683000000,0.0,0.0,0.0
30712000000,0.0,0.0,0.0
30761000000,0.0,0.0,0.0
30798000000,0.0,0.0,0.0
30840000000,0.0,0.0,0.0
30895000000,0.0,0.0,0.0
30951000000,0.0,0.0,0.0
31006000000,0.0,0.0,0.0
31045000000,0.0,0.0,0.0
31082000000,0.0,0.0,0.0
31135000000,0.0,0.0,0.0
31168000000,0.0,0.0,0.0
31201000000,0.0,0.0,0.0
31236000000,0.0,0.0,0.0
31269000000,0.0,0.0,0.0
31300000000,0.0,0.0,0.0
31327000000,0.0,0.0,0.0
31356000000,0.0,0.0,0.0
31390000000,0.0,0.0,0.0
31416000000,0.0,0.0,0.0
31451000000,0.0,0.0,0.0
31487000000,0.0,0.0,0.0
31533000000,0.0,0.0,0.0
31559000000,0.0,0.0,0.0
31605000000,0.0,0.0,0.0
31644000000,0.0,0.0,0.0
31676000000,0.0,0.0,0.0
31704000000,0.0,0.0,0.0
31745000000,0.0,0.0,0.0
31782000000,0.0,0.0,0.0
31818000000,0.0,0.0,0.0
31855000000,0.0,0.0,0.0
31876000000,0.0,0.0,0.0
31920000000,0.0,0.0,0.0
31943000000,0.0,0.0,0.0
31988000000,0.0,0.0,0.0
32032000000,0.0,0.0,0.0
32066000000,0.0,0.0,0.0
32097000000,0.0,0.0,0.0
32143000000,0.0,0.0,0.0
32192000000,0.0,0.0,0.0
32226000000,0.0,0.0,0.0
32273000000,0.0,0.0,0.0
32328000000,0.0,0.0,0.0
32364000000,0.0,0.0,0.0
32407000000,0.0,0.0,0.0
32450000000,0.0,0.0,0.0
32492000000,0.0,0.0,0.0
32535000000,0.0,0.0,0.0
32576000000,0.0,0.0,0.0
32616000000,0.0,0.0,0.0
32666000000,0.0,0.0,0.0
32715000000,0.0,0.0,0.0
32768000000,0.0,0.0,0.0
32842000000,0.0,0.0,0.0
32885000000,0.0,0.0,0.0
32937000000,0.0,0.0,0.0
32997000000,0.0,0.0,0.0
33046000000,0.0,0.0,0.0
33096000000,0.0,0.0,0.0
33137000000,0.0,0.0,0.0
33187000000,0.0,0.0,0.0
33219000000,0.0,0.0,0.0
33258000000,0.0,0.0,0.0
33293000000,0.0,0.0,0.0
33343000000,0.0,0.0,0.0
33381000000,0.0,0.0,0.0
33413000000,0.0,0.0,0.0
33444000000,0.0,0.0,0.0
33459000000,0.0,0.0,0.0
33508000000,0.0,0.0,0.0
33552000000,0.0,0.0,0.0
33573000000,0.0,0.0,0.0
33620000000,0.0,0.0,0.0
33659000000,0.0,0.0,0.0
33698000000,0.0,0.0,0.0
33728000000,0.0,0.0,0.0
33763000000,0.0,0.0,0.0
33787000000,0.0,0.0,0.0
33826000000,0.0,0.0,0.0
33858000000,0.0,0.0,0.0
33910000000,0.0,0.0,0.0
33958000000,0.0,0.0,0.0
34025000000,0.0,0.0,0.0
34064000000,0.0,0.0,0.0
34106000000,0.0,0.0,0.0
34143000000,0.0,0.0,0.0
34182000000,0.0,0.0,0.0
34240000000,0.0,0.0,0.0
34287000000,0.0,0.0,0.0
34324000000,0.0,0.0,0.0
34356000000,0.0,0.0,0.0
34397000000,0.0,0.0,0.0
34431000000,0.0,0.0,0.0
34459000000,0.0,0.0,0.0
34486000000,0.0,0.0,0.0
34530000000,0.0,0.0,0.0
34570000000,0.0,0.0,0.0
34616000000,0.0,0.0,0.0
34655000000,0.0,0.0,0.0
34687000000,0.0,0.0,0.0
34731000000,0.0,0.0,0.0
34781000000,0.0,0.0,0.0
34823000000,0.0,0.0,0.0
34865000000,0.0,0.0,0.0
34890000000,0.0,0.0,0.0
34915000000,0.0,0.0,0.0
34946000000,0.0,0.0,0.0
34981000000,0.0,0.0,0.0
35032000000,0.0,0.0,0.0
35062000000,0.0,0.0,0.0
35093000000,0.0,0.0,0.0
35148000000,0.0,0.0,0.0
35207000000,0.0,0.0,0.0
35234000000,0.0,0.0,0.0
35266000000,0.0,0.0,0.0
35300000000,0.0,0.0,0.0
35344000000,0.0,0.0,0.0
35375000000,0.0,0.0,0.0
35410000000,0.0,0.0,0.0
35457000000,0.0,0.0,0.0
35496000000,0.0,0.0,0.0
35534000000,0.0,0.0,0.0
35574000000,0.0,0.0,0.0
35615000000,0.0,0.0,0.0
35649000000,0.0,0.0,0.0
35681000000,0.0,0.0,0.0
35720000000,0.0,0.0,0.0
35752000000,0.0,0.0,0.0
35802000000,0.0,0.0,0.0
35833000000,0.0,0.0,0.0
35871000000,0.0,0.0,0.0
35900000000,0.0,0.0,0.0
35959000000,0.0,0.0,0.0
35992000000,0.0,0.0,0.0
36015000000,0.0,0.0,0.0
36046000000,0.0,0.0,0.0
36095000000,0.0,0.0,0.0
36137000000,0.0,0.0,0.0
36180000000,0.0,0.0,0.0
36236000000,0.0,0.0,0.0
36265000000,0.0,0.0,0.0
36289000000,0.0,0.0,0.0
36320000000,0.0,0.0,0.0
36358000000,0.0,0.0,0.0
36400000000,0.0,0.0,0.0
36437000000,0.0,0.0,0.0
36470000000,0.0,0.0,0.0
36515000000,0.0,0.0,0.0
36552000000,0.0,0.0,0.0
36602000000,0.0,0.0,0.0
36644000000,0.0,0.0,0.0
36693000000,0.0,0.0,0.0
36748000000,0.0,0.0,0.0
36792000000,0.0,0.0,0.0
36838000000,0.0,0.0,0.0
36882000000,0.0,0.0,0.0
36923000000,0.0,0.0,0.0
36957000000,0.0,0.0,0.0
37001000000,0.0,0.0,0.0
37050000000,0.0,0.0,0.0
37089000000,0.0,0.0,0.0
37133000000,0.0,0.0,0.0
37169000000,0.0,0.0,0.0
37218000000,0.0,0.0,0.0
37268000000,0.0,0.0,0.0
37310000000,0.0,0.0,0.0
37362000000,0.0,0.0,0.0
37398000000,0.0,0.0,0.0
37451000000,0.0,0.0,0.0
37498000000,0.0,0.0,0.0
37537000000,0.0,0.0,0.0
37592000000,0.0,0.0,0.0
37645000000,0.0,0.0,0.0
37691000000,0.0,0.0,0.0
37722000000,0.0,0.0,0.0
37767000000,0.0,0.0,0.0
37810000000,0.0,0.0,0.0
37856000000,0.0,0.0,0.0
37906000000,0.0,0.0,0.0
37956000000,0.0,0.0,0.0
38002000000,0.0,0.0,0.0
38031000000,0.0,0.0,0.0
38058000000,0.0,0.0,0.0
38098000000,0.0,0.0,0.0
38138000000,0.0,0.0,0.0
38177000000,0.0,0.0,0.0
38228000000,0.0,0.0,0.0
38266000000,0.0,0.0,0.0
38310000000,0.0,0.0,0.0
38348000000,0.0,0.0,0.0
38382000000,0.0,0.0,0.0
38438000000,0.0,0.0,0.0
38487000000,0.0,0.0,0.0
38530000000,0.0,0.0,0.0
38557000000,0.0,0.0,0.0
38596000000,0.0,0.0,0.0
38642000000,0.0,0.0,0.0
38697000000,0.0,0.0,0.0
38749000000,0.0,0.0,0.0
38788000000,0.0,0.0,0.0
38827000000,0.0,0.0,0.0
38876000000,0.0,0.0,0.0
38910000000,0.0,0.0,0.0
38954000000,0.0,0.0,0.0
39001000000,0.0,0.0,0.0
39059000000,0.0,0.0,0.0
39114000000,0.0,0.0,0.0
39165000000,0.0,0.0,0.0
39205000000,0.0,0.0,0.0
39248000000,0.0,0.0,0.0
39294000000,0.0,0.0,0.0
39339000000,0.0,0.0,0.0
39385000000,0.0,0.0,0.0
39435000000,0.0,0.0,0.0
39471000000,0.0,0.0,0.0
39524000000,0.0,0.0,0.0
39554000000,0.0,0.0,0.0
39586000000,0.0,0.0,0.0
39625000000,0.0,0.0,0.0
39656000000,0.0,0.0,0.0
39679000000,0.0,0.0,0.0
39706000000,0.0,0.0,0.0
39745000000,0.0,0.0,0.0
39781000000,0.0,0.0,0.0
39816000000,0.0,0.0,0.0
39846000000,0.0,0.0,0.0
39859000000,0.0,0.0,0.0
39883000000,0.0,0.0,0.0
39918000000,0.0,0.0,0.0
39952000000,0.0,0.0,0.0
39989000000,0.0,0.0,0.0
40024000000,0.0,0.0,0.0
40053000000,0.0,0.0,0.0
40086000000,0.0,0.0,0.0
40122000000,0.0,0.0,0.0
40150000000,0.0,0.0,0.0
40173000000,0.0,0.0,0.0
40232000000,0.0,0.0,0.0
40285000000,0.0,0.0,0.0
40330000000,0.0,0.0,0.0
40357000000,0.0,0.0,0.0
40378000000,0.0,0.0,0.0
40417000000,0.0,0.0,0.0
40444000000,0.0,0.0,0.0
40487000000,0.0,0.0,0.0
40527000000,0.0,0.0,0.0
40563000000,0.0,0.0,0.0
40589000000,0.0,0.0,0.0
40620000000,0.0,0.0,0.0
40660000000,0.0,0.0,0.0
40689000000,0.0,0.0,0.0
40727000000,0.0,0.0,0.0
40761000000,0.0,0.0,0.0
40793000000,0.0,0.0,0.0
40825000000,0.0,0.0,0.0
40859000000,0.0,0.0,0.0
40897000000,0.0,0.0,0.0
40933000000,0.0,0.0,0.0
40967000000,0.0,0.0,0.0
41005000000,0.0,0.0,0.0
41047000000,0.0,0.0,0.0
41082000000,0.0,0.0,0.0
41120000000,0.0,0.0,0.0
41158000000,0.0,0.0,0.0
41204000000,0.0,0.0,0.0
41235000000,0.0,0.0,0.0
41270000000,0.0,0.0,0.0
41317000000,0.0,0.0,0.0
41357000000,0.0,0.0,0.0
41414000000,0.0,0.0,0.0
41448000000,0.0,0.0,0.0
41480000000,0.0,0.0,0.0
41522000000,0.0,0.0,0.0
41558000000,0.0,0.0,0.0
41596000000,0.0,0.0,0.0
41637000000,0.0,0.0,0.0
41669000000,0.0,0.0,0.0
41711000000,0.0,0.0,0.0
41748000000,0.0,0.0,0.0
41785000000,0.0,0.0,0.0
41832000000,0.0,0.0,0.0
41870000000,0.0,0.0,0.0
41912000000,0.0,0.0,0.0
41952000000,0.0,0.0,0.0
41994000000,0.0,0.0,0.0
42034000000,0.0,0.0,0.0
42077000000,0.0,0.0,0.0
42119000000,0.0,0.0,0.0
42166000000,0.0,0.0,0.0
42206000000,0.0,0.0,0.0
42249000000,0.0,0.0,0.0
42299000000,0.0,0.0,0.0
42333000000,0.0,0.0,0.0
42371000000,0.0,0.0,0.0
42413000000,0.0,0.0,0.0
42465000000,0.0,0.0,0.0
42504000000,0.0,0.0,0.0
42545000000,0.0,0.0,0.0
42589000000,0.0,0.0,0.0
42627000000,0.0,0.0,0.0
42672000000,0.0,0.0,0.0
42718000000,0.0,0.0,0.0
42765000000,0.0,0.0,0.0
42805000000,0.0,0.0,0.0
42835000000,0.0,0.0,0.0
42886000000,0.0,0.0,0.0
42929000000,0.0,0.0,0.0
42980000000,0.0,0.0,0.0
43017000000,0.0,0.0,0.0
43061000000,0.0,0.0,0.0
43097000000,0.0,0.0,0.0
43140000000,0.0,0.0,0.0
43180000000,0.0,0.0,0.0
43221000000,0.0,0.0,0.0
43255000000,0.0,0.0,0.0
43302000000,0.0,0.0,0.0
43358000000,0.0,0.0,0.0
43399000000,0.0,0.0,0.0
43443000000,0.0,0.0,0.0
43485000000,0.0,0.0,0.0
43547000000,0.0,0.0,0.0
43583000000,0.0,0.0,0.0
43641000000,0.0,0.0,0.0
43684000000,0.0,0.0,0.0
43728000000,0.0,0.0,0.0
43772000000,0.0,0.0,0.0
43825000000,0.0,0.0,0.0
43877000000,0.0,0.0,0.0
43917000000,0.0,0.0,0.0
43967000000,0.0,0.0,0.0
44005000000,0.0,0.0,0.0
44045000000,0.0,0.0,0.0
44096000000,0.0,0.0,0.0
44153000000,0.0,0.0,0.0
44205000000,0.0,0.0,0.0
44254000000,0.0,0.0,0.0
44309000000,0.0,0.0,0.0
44351000000,0.0,0.0,0.0
44416000000,0.0,0.0,0.0
44480000000,0.0,0.0,0.0
44535000000,0.0,0.0,0.0
44595000000,0.0,0.0,0.0
44692000000,0.0,0.0,0.0
44745000000,0.0,0.0,0.0
44796000000,0.0,0.0,0.0
44854000000,0.0,0.0,0.0
44895000000,0.0,0.0,0.0
44950000000,0.0,0.0,0.0
45038000000,0.0,0.0,0.0
45118000000,0.0,0.0,0.0
45183000000,0.0,0.0,0.0
45230000000,0.0,0.0,0.0
45284000000,0.0,0.0,0.0
45335000000,0.0,0.0,0.0
45367000000,0.0,0.0,0.0
45405000000,0.0,0.0,0.0
45454000000,0.0,0.0,0.0
45496000000,0.0,0.0,0.0
45542000000,0.0,0.0,0.0
45594000000,0.0,0.0,0.0
45634000000,0.0,0.0,0.0
45667000000,0.0,0.0,0.0
45718000000,0.0,0.0,0.0
45764000000,0.0,0.0,0.0
45809000000,0.0,0.0,0.0
45861000000,0.0,0.0,0.0
45908000000,0.0,0.0,0.0
45953000000,0.0,0.0,0.0
45999000000,0.0,0.0,0.0
46054000000,0.0,0.0,0.0
46113000000,0.0,0.0,0.0
46174000000,0.0,0.0,0.0
46228000000,0.0,0.0,0.0
46273000000,0.0,0.0,0.0
46313000000,0.0,0.0,0.0
46355000000,0.0,0.0,0.0
46389000000,0.0,0.0,0.0
46424000000,0.0,0.0,0.0
46455000000,0.0,0.0,0.0
46508000000,0.0,0.0,0.0
46540000000,0.0,0.0,0.0
46583000000,0.0,0.0,0.0
46629000000,0.0,0.0,0.0
46671000000,0.0,0.0,0.0
46716000000,0.0,0.0,0.0
46750000000,0.0,0.0,0.0
46792000000,0.0,0.0,0.0
46813000000,0.0,0.0,0.0
46862000000,0.0,0.0,0.0
46901000000,0.0,0.0,0.0
46935000000,0.0,0.0,0.0
46975000000,0.0,0.0,0.0
47014000000,0.0,0.0,0.0
47051000000,0.0,0.0,0.0
47083000000,0.0,0.0,0.0
47124000000,0.0,0.0,0.0
47157000000,0.0,0.0,0.0
47192000000,0.0,0.0,0.0
47228000000,0.0,0.0,0.0
47263000000,0.0,0.0,0.0
47297000000,0.0,0.0,0.0
47339000000,0.0,0.0,0.0
47381000000,0.0,0.0,0.0
47423000000,0.0,0.0,0.0
47459000000,0.0,0.0,0.0
47495000000,0.0,0.0,0.0
47525000000,0.0,0.0,0.0
47561000000,0.0,0.0,0.0
47601000000,0.0,0.0,0.0
47653000000,0.0,0.0,0.0
47686000000,0.0,0.0,0.0
47729000000,0.0,0.0,0.0
47764000000,0.0,0.0,0.0
47803000000,0.0,0.0,0.0
47842000000,0.0,0.0,0.0
47888000000,0.0,0.0,0.0
47936000000,0.0,0.0,0.0
47970000000,0.0,0.0,0.0
48000000000,0.0,0.0,0.0
48028000000,0.0,0.0,0.0
48073000000,0.0,0.0,0.0
48116000000,0.0,0.0,0.0
48153000000,0.0,0.0,0.0
48189000000,0.0,0.0,0.0
48221000000,0.0,0.0,0.0
48273000000,0.0,0.0,0.0
48310000000,0.0,0.0,0.0
48345000000,0.0,0.0,0.0
48372000000,0.0,0.0,0.0
48397000000,0.0,0.0,0.0
48421000000,0.0,0.0,0.0
48447000000,0.0,0.0,0.0
48481000000,0.0,0.0,0.0
48519000000,0.0,0.0,0.0
48558000000,0.0,0.0,0.0
48588000000,0.0,0.0,0.0
48626000000,0.0,0.0,0.0
48671000000,0.0,0.0,0.0
48708000000,0.0,0.0,0.0
48745000000,0.0,0.0,0.0
48793000000,0.0,0.0,0.0
48822000000,0.0,0.0,0.0
48854000000,0.0,0.0,0.0
48888000000,0.0,0.0,0.0
48925000000,0.0,0.0,0.0
48954000000,0.0,0.0,0.0
48989000000,0.0,0.0,0.0
49028000000,0.0,0.0,0.0
49058000000,0.0,0.0,0.0
49095000000,0.0,0.0,0.0
49142000000,0.0,0.0,0.0
49168000000,0.0,0.0,0.0
49222000000,0.0,0.0,0.0
49291000000,0.0,0.0,0.0
49327000000,0.0,0.0,0.0
49358000000,0.0,0.0,0.0
49388000000,0.0,0.0,0.0
49418000000,0.0,0.0,0.0
49458000000,0.0,0.0,0.0
49504000000,0.0,0.0,0.0
49537000000,0.0,0.0,0.0
49566000000,0.0,0.0,0.0
49605000000,0.0,0.0,0.0
49638000000,0.0,0.0,0.0
49675000000,0.0,0.0,0.0
49701000000,0.0,0.0,0.0
49745000000,0.0,0.0,0.0
49773000000,0.0,0.0,0.0
49810000000,0.0,0.0,0.0
49842000000,0.0,0.0,0.0
49874000000,0.0,0.0,0.0
49916000000,0.0,0.0,0.0
49949000000,0.0,0.0,0.0
49983000000,0.0,0.0,0.0
50009000000,0.0,0.0,0.0
50044000000,0.0,0.0,0.0
50082000000,0.0,0.0,0.0
50124000000,0.0,0.0,0.0
50168000000,0.0,0.0,0.0
50208000000,0.0,0.0,0.0
50249000000,0.0,0.0,0.0
50294000000,0.0,0.0,0.0
50335000000,0.0,0.0,0.0
50373000000,0.0,0.0,0.0
50406000000,0.0,0.0,0.0
50443000000,0.0,0.0,0.0
50488000000,0.0,0.0,0.0
50528000000,0.0,0.0,0.0
50566000000,0.0,0.0,0.0
50591000000,0.0,0.0,0.0
50622000000,0.0,0.0,0.0
50646000000,0.0,0.0,0.0
50666000000,0.0,0.0,0.0
50704000000,0.0,0.0,0.0
50732000000,0.0,0.0,0.0
50766000000,0.0,0.0,0.0
50817000000,0.0,0.0,0.0
50854000000,0.0,0.0,0.0
50898000000,0.0,0.0,0.0
50917000000,0.0,0.0,0.0
50952000000,0.0,0.0,0.0
51021000000,0.0,0.0,0.0
51045000000,0.0,0.0,0.0
51068000000,0.0,0.0,0.0
51095000000,0.0,0.0,0.0
51123000000,0.0,0.0,0.0
51150000000,0.0,0.0,0.0
51180000000,0.0,0.0,0.0
51205000000,0.0,0.0,0.0
51233000000,0.0,0.0,0.0
51252000000,0.0,0.0,0.0
51272000000,0.0,0.0,0.0
51305000000,0.0,0.0,0.0
51347000000,0.0,0.0,0.0
51376000000,0.0,0.0,0.0
51401000000,0.0,0.0,0.0
51437000000,0.0,0.0,0.0
51479000000,0.0,0.0,0.0
51513000000,0.0,0.0,0.0
51546000000,0.0,0.0,0.0
51568000000,0.0,0.0,0.0
51610000000,0.0,0.0,0.0
51631000000,0.0,0.0,0.0
51674000000,0.0,0.0,0.0
51711000000,0.0,0.0,0.0
51743000000,0.0,0.0,0.0
51787000000,0.0,0.0,0.0
51823000000,0.0,0.0,0.0
51863000000,0.0,0.0,0.0
51899000000,0.0,0.0,0.0
51944000000,0.0,0.0,0.0
51976000000,0.0,0.0,0.0
52014000000,0.0,0.0,0.0
52048000000,0.0,0.0,0.0
52097000000,0.0,0.0,0.0
52144000000,0.0,0.0,0.0
52194000000,0.0,0.0,0.0
52227000000,0.0,0.0,0.0
52256000000,0.0,0.0,0.0
52316000000,0.0,0.0,0.0
52371000000,0.0,0.0,0.0
52422000000,0.0,0.0,0.0
52474000000,0.0,0.0,0.0
52529000000,0.0,0.0,0.0
52575000000,0.0,0.0,0.0
52626000000,0.0,0.0,0.0
52664000000,0.0,0.0,0.0
52756000000,0.0,0.0,0.0
52804000000,0.0,0.0,0.0
52849000000,0.0,0.0,0.0
52923000000,0.0,0.0,0.0
52970000000,0.0,0.0,0.0
53021000000,0.0,0.0,0.0
53080000000,0.0,0.0,0.0
53122000000,0.0,0.0,0.0
53166000000,0.0,0.0,0.0
53195000000,0.0,0.0,0.0
53235000000,0.0,0.0,0.0
53272000000,0.0,0.0,0.0
53305000000,0.0,0.0,0.0
53347000000,0.0,0.0,0.0
53392000000,0.0,0.0,0.0
53420000000,0.0,0.0,0.0
53451000000,0.0,0.0,0.0
53478000000,0.0,0.0,0.0
53512000000,0.0,0.0,0.0
53538000000,0.0,0.0,0.0
53573000000,0.0,0.0,0.0
53598000000,0.0,0.0,0.0
53628000000,0.0,0.0,0.0
53655000000,0.0,0.0,0.0
53698000000,0.0,0.0,0.0
53726000000,0.0,0.0,0.0
53769000000,0.0,0.0,0.0
53803000000,0.0,0.0,0.0
53841000000,0.0,0.0,0.0
53896000000,0.0,0.0,0.0
53938000000,0.0,0.0,0.0
53966000000,0.0,0.0,0.0
53996000000,0.0,0.0,0.0
54041000000,0.0,0.0,0.0
54068000000,0.0,0.0,0.0
54082000000,0.0,0.0,0.0
54123000000,0.0,0.0,0.0
54162000000,0.0,0.0,0.0
54188000000,0.0,0.0,0.0
54205000000,0.0,0.0,0.0
54243000000,0.0,0.0,0.0
54268000000,0.0,0.0,0.0
54299000000,0.0,0.0,0.0
54335000000,0.0,0.0,0.0
54359000000,0.0,0.0,0.0
54400000000,0.0,0.0,0.0
54452000000,0.0,0.0,0.0
54493000000,0.0,0.0,0.0
54536000000,0.0,0.0,0.0
54586000000,0.0,0.0,0.0
54631000000,0.0,0.0,0.0
54649000000,0.0,0.0,0.0
54695000000,0.0,0.0,0.0
54733000000,0.0,0.0,0.0
54784000000,0.0,0.0,0.0
54824000000,0.0,0.0,0.0
54864000000,0.0,0.0,0.0
54897000000,0.0,0.0,0.0
54930000000,0.0,0.0,0.0
54963000000,0.0,0.0,0.0
54999000000,0.0,0.0,0.0
55042000000,0.0,0.0,0.0
55076000000,0.0,0.0,0.0
55135000000,0.0,0.0,0.0
55192000000,0.0,0.0,0.0
55234000000,0.0,0.0,0.0
55291000000,0.0,0.0,0.0
55352000000,0.0,0.0,0.0
55386000000,0.0,0.0,0.0
55439000000,0.0,0.0,0.0
55476000000,0.0,0.0,0.0
55537000000,0.0,0.0,0.0
55597000000,0.0,0.0,0.0
55633000000,0.0,0.0,0.0
55662000000,0.0,0.0,0.0
55708000000,0.0,0.0,0.0
55742000000,0.0,0.0,0.0
55778000000,0.0,0.0,0.0
55809000000,0.0,0.0,0.0
55844000000,0.0,0.0,0.0
55873000000,0.0,0.0,0.0
55904000000,0.0,0.0,0.0
55932000000,0.0,0.0,0.0
55957000000,0.0,0.0,0.0
55995000000,0.0,0.0,0.0
56035000000,0.0,0.0,0.0
56061000000,0.0,0.0,0.0
56084000000,0.0,0.0,0.0
56120000000,0.0,0.0,0.0
56156000000,0.0,0.0,0.0
56187000000,0.0,0.0,0.0
56232000000,0.0,0.0,0.0
56283000000,0.0,0.0,0.0
56335000000,0.0,0.0,0.0
56373000000,0.0,0.0,0.0
56414000000,0.0,0.0,0.0
56450000000,0.0,0.0,0.0
56495000000,0.0,0.0,0.0
56539000000,0.0,0.0,0.0
56584000000,0.0,0.0,0.0
56604000000,0.0,0.0,0.0
56638000000,0.0,0.0,0.0
56695000000,0.0,0.0,0.0
56726000000,0.0,0.0,0.0
56743000000,0.0,0.0,0.0
56787000000,0.0,0.0,0.0
56818000000,0.0,0.0,0.0
56855000000,0.0,0.0,0.0
56886000000,0.0,0.0,0.0
56923000000,0.0,0.0,0.0
56949000000,0.0,0.0,0.0
56970000000,0.0,0.0,0.0
56994000000,0.0,0.0,0.0
57044000000,0.0,0.0,0.0
57099000000,0.0,0.0,0.0
57146000000,0.0,0.0,0.0
57172000000,0.0,0.0,0.0
57224000000,0.0,0.0,0.0
57268000000,0.0,0.0,0.0
57326000000,0.0,0.0,0.0
57366000000,0.0,0.0,0.0
57412000000,0.0,0.0,0.0
57448000000,0.0,0.0,0.0
57484000000,0.0,0.0,0.0
57525000000,0.0,0.0,0.0
57559000000,0.0,0.0,0.0
57599000000,0.0,0.0,0.0
57642000000,0.0,0.0,0.0
57686000000,0.0,0.0,0.0
57710000000,0.0,0.0,0.0
57762000000,0.0,0.0,0.0
57805000000,0.0,0.0,0.0
57855000000,0.0,0.0,0.0
57889000000,0.0,0.0,0.0
57957000000,0.0,0.0,0.0
57996000000,0.0,0.0,0.0
58055000000,0.0,0.0,0.0
58122000000,0.0,0.0,0.0
58160000000,0.0,0.0,0.0
58226000000,0.0,0.0,0.0
58262000000,0.0,0.0,0.0
58349000000,0.0,0.0,0.0
58373000000,0.0,0.0,0.0
58425000000,0.0,0.0,0.0
58478000000,0.0,0.0,0.0
58524000000,0.0,0.0,0.0
58564000000,0.0,0.0,0.0
58636000000,0.0,0.0,0.0
58671000000,0.0,0.0,0.0
58717000000,0.0,0.0,0.0
58765000000,0.0,0.0,0.0
58805000000,0.0,0.0,0.0
58845000000,0.0,0.0,0.0
58902000000,0.0,0.0,0.0
58958000000,0.0,0.0,0.0
59019000000,0.0,0.0,0.0
59060000000,0.0,0.0,0.0
59107000000,0.0,0.0,0.0
59152000000,0.0,0.0,0.0
59179000000,0.0,0.0,0.0
59219000000,0.0,0.0,0.0
59261000000,0.0,0.0,0.0
59301000000,0.0,0.0,0.0
59336000000,0.0,0.0,0.0
59373000000,0.0,0.0,0.0
59431000000,0.0,0.0,0.0
59460000000,0.0,0.0,0.0
59497000000,0.0,0.0,0.0
59530000000,0.0,0.0,0.0
59570000000,0.0,0.0,0.0
59607000000,0.0,0.0,0.0
59654000000,0.0,0.0,0.0
59694000000,0.0,0.0,0.0
59738000000,0.0,0.0,0.0
59764000000,0.0,0.0,0.0
59811000000,0.0,0.0,0.0
59841000000,0.0,0.0,0.0
59879000000,0.0,0.0,0.0
59935000000,0.0,0.0,0.0
60005000000,0.0,0.0,0.0
60054000000,0.0,0.0,0.0
60081000000,0.0,0.0,0.0
60129000000,0.0,0.0,0.0
60193000000,0.0,0.0,0.0
60241000000,0.0,0.0,0.0
60282000000,0.0,0.0,0.0
60304000000,0.0,0.0,0.0
60347000000,0.0,0.0,0.0
60388000000,0.0,0.0,0.0
60438000000,0.0,0.0,0.0
60493000000,0.0,0.0,0.0
60544000000,0.0,0.0,0.0
60614000000,0.0,0.0,0.0
60675000000,0.0,0.0,0.0
60734000000,0.0,0.0,0.0
60782000000,0.0,0.0,0.0
60828000000,0.0,0.0,0.0
60891000000,0.0,0.0,0.0
60940000000,0.0,0.0,0.0
61003000000,0.0,0.0,0.0
61044000000,0.0,0.0,0.0
61099000000,0.0,0.0,0.0
61140000000,0.0,0.0,0.0
61209000000,0.0,0.0,0.0
61258000000,0.0,0.0,0.0
61300000000,0.0,0.0,0.0
61358000000,0.0,0.0,0.0
61397000000,0.0,0.0,0.0
61455000000,0.0,0.0,0.0
61509000000,0.0,0.0,0.0
61547000000,0.0,0.0,0.0
61594000000,0.0,0.0,0.0
61655000000,0.0,0.0,0.0
61717000000,0.0,0.0,0.0
61773000000,0.0,0.0,0.0
61823000000,0.0,0.0,0.0
61882000000,0.0,0.0,0.0
61981000000,0.0,0.0,0.0
62065000000,0.0,0.0,0.0
62115000000,0.0,0.0,0.0
62155000000,0.0,0.0,0.0
62192000000,0.0,0.0,0.0
62238000000,0.0,0.0,0.0
62313000000,0.0,0.0,0.0
62359000000,0.0,0.0,0.0
62407000000,0.0,0.0,0.0
62459000000,0.0,0.0,0.0
62521000000,0.0,0.0,0.0
62580000000,0.0,0.0,0.0
62642000000,0.0,0.0,0.0
62706000000,0.0,0.0,0.0
62757000000,0.0,0.0,0.0
62786000000,0.0,0.0,0.0
62814000000,0.0,0.0,0.0
62863000000,0.0,0.0,0.0
62941000000,0.0,0.0,0.0
62982000000,0.0,0.087266,0.0
63028000000,0.0,0.087266,0.0
63093000000,0.0,0.087266,0.0
63147000000,0.0,0.087266,0.0
63207000000,0.0,0.087266,0.0
63230000000,0.0,0.087266,0.0
63267000000,0.0,0.087266,0.0
63313000000,0.0,0.087266,0.0
63381000000,0.0,0.087266,0.0
63428000000,0.0,0.087266,0.0
63461000000,0.0,0.087266,0.0
63501000000,0.0,0.087266,0.0
63543000000,0.0,0.087266,0.0
63587000000,0.0,0.087266,0.0
63626000000,0.0,0.087266,0.0
63666000000,0.0,0.087266,0.0
63700000000,0.0,0.087266,0.0
63736000000,0.0,0.087266,0.0
63774000000,0.0,0.087266,0.0
63828000000,0.0,0.087266,0.0
63927000000,0.0,0.087266,0.0
63984000000,0.0,0.087266,0.0
64061000000,0.0,0.087266,0.0
64110000000,0.0,0.087266,0.0
64150000000,0.0,0.087266,0.0
64185000000,0.0,0.087266,0.0
64234000000,0.0,0.087266,0.0
64284000000,0.0,0.087266,0.0
64317000000,0.0,0.087266,0.0
64347000000,0.0,0.087266,0.0
64375000000,0.0,0.087266,0.0
64401000000,0.0,0.087266,0.0
64434000000,0.0,0.087266,0.0
64465000000,0.0,0.087266,0.0
64496000000,0.0,0.087266,0.0
64518000000,0.0,0.087266,0.0
64549000000,0.0,0.087266,0.0
64590000000,0.0,0.087266,0.0
64635000000,0.0,0.087266,0.0
64676000000,0.0,0.087266,0.0
64715000000,0.0,0.087266,0.0
64750000000,0.0,0.087266,0.0
64786000000,0.0,0.087266,0.0
64828000000,0.0,0.087266,0.0
64869000000,0.0,0.087266,0.0
64907000000,0.0,0.087266,0.0
64939000000,0.0,0.087266,0.0
64990000000,0.0,0.087266,0.0
65026000000,0.0,0.087266,0.0
65063000000,0.0,0.087266,0.0
65093000000,0.0,0.087266,0.0
65124000000,0.0,0.087266,0.0
65164000000,0.0,0.087266,0.0
65214000000,0.0,0.087266,0.0
65253000000,0.0,0.087266,0.0
65293000000,0.0,0.087266,0.0
65324000000,0.0,0.087266,0.0
65336000000,0.0,0.087266,0.0
65382000000,0.0,0.087266,0.0
65431000000,0.0,0.087266,0.0
65460000000,0.0,0.087266,0.0
65498000000,0.0,0.087266,0.0
65544000000,0.0,0.087266,0.0
65581000000,0.0,0.087266,0.0
65621000000,0.0,0.087266,0.0
65641000000,0.0,0.087266,0.0
65689000000,0.0,0.087266,0.0
65730000000,0.0,0.087266,0.0
65782000000,0.0,0.087266,0.0
65837000000,0.0,0.087266,0.0
65886000000,0.0,0.087266,0.0
65928000000,0.0,0.087266,0.0
65969000000,0.0,0.087266,0.0
65984000000,0.0,0.087266,0.0
66015000000,0.0,0.087266,0.0
66053000000,0.0,0.087266,0.0
66081000000,0.0,0.087266,0.0
66111000000,0.0,0.087266,0.0
66165000000,0.0,0.087266,0.0
66217000000,0.0,0.087266,0.0
66263000000,0.0,0.087266,0.0
66320000000,0.0,0.087266,0.0
66357000000,0.0,0.087266,0.0
66400000000,0.0,0.087266,0.0
66455000000,0.0,0.087266,0.0
66494000000,0.0,0.087266,0.0
66522000000,0.0,0.087266,0.0
66558000000,0.0,0.087266,0.0
66594000000,0.0,0.0,0.0
66633000000,0.0,0.0,0.0
66677000000,0.0,0.0,0.0
66718000000,0.0,0.0,0.0
66781000000,0.0,0.0,0.0
66819000000,0.0,0.0,0.0
66850000000,0.0,0.0,0.0
66873000000,0.0,0.0,0.0
66910000000,0.0,0.0,0.0
66941000000,0.0,0.0,0.0
66971000000,0.0,0.0,0.0
66991000000,0.0,0.0,0.0
67027000000,0.0,0.0,0.0
67076000000,0.0,0.0,0.0
67139000000,0.0,0.0,0.0
67193000000,0.0,0.0,0.0
67248000000,0.0,0.0,0.0
67290000000,0.0,0.0,0.0
67328000000,0.0,0.0,0.0
67371000000,0.0,0.0,0.0
67406000000,0.0,0.0,0.0
67429000000,0.0,0.0,0.0
67469000000,0.0,0.0,0.0
67504000000,0.0,0.0,0.0
67541000000,0.0,0.0,0.0
67579000000,0.0,0.0,0.0
67617000000,0.0,0.0,0.0
67636000000,0.0,0.0,0.0
67662000000,0.0,0.0,0.0
67700000000,0.0,0.0,0.0
67734000000,0.0,0.0,0.0
67770000000,0.0,0.0,0.0
67807000000,0.0,0.0,0.0
67856000000,0.0,0.0,0.0
67886000000,0.0,0.0,0.0
67924000000,0.0,0.0,0.0
67968000000,0.0,0.0,0.0
68019000000,0.0,0.0,0.0
68047000000,0.0,0.0,0.0
68094000000,0.0,0.0,0.0
68132000000,0.0,0.0,0.0
68166000000,0.0,-0.087266,0.0
68202000000,0.0,-0.087266,0.0
68245000000,0.0,-0.087266,0.0
68294000000,0.0,-0.087266,0.0
68326000000,0.0,-0.087266,0.0
68354000000,0.0,-0.087266,0.0
68399000000,0.0,-0.087266,0.0
68456000000,0.0,-0.087266,0.0
68486000000,0.0,-0.087266,0.0
68528000000,0.0,-0.087266,0.0
68557000000,0.0,-0.087266,0.0
68592000000,0.0,-0.087266,0.0
68625000000,0.0,-0.087266,0.0
68655000000,0.0,-0.087266,0.0
68688000000,0.0,-0.087266,0.0
68714000000,0.0,-0.087266,0.0
68735000000,0.0,-0.087266,0.0
68755000000,0.0,-0.087266,0.0
68780000000,0.0,-0.087266,0.0
68807000000,0.0,-0.087266,0.0
68838000000,0.0,-0.087266,0.0
68875000000,0.0,-0.087266,0.0
68905000000,0.0,-0.087266,0.0
68928000000,0.0,-0.087266,0.0
68958000000,0.0,-0.087266,0.0
68997000000,0.0,-0.087266,0.0
69035000000,0.0,-0.087266,0.0
69055000000,0.0,-0.087266,0.0
69073000000,0.0,-0.087266,0.0
69126000000,0.0,-0.087266,0.0
69177000000,0.0,-0.087266,0.0
69219000000,0.0,-0.087266,0.0
69262000000,0.0,-0.087266,0.0
69301000000,0.0,-0.087266,0.0
69339000000,0.0,-0.087266,0.0
69370000000,0.0,-0.087266,0.0
69409000000,0.0,-0.087266,0.0
69453000000,0.0,-0.087266,0.0
69490000000,0.0,-0.087266,0.0
69524000000,0.0,-0.087266,0.0
69567000000,0.0,-0.087266,0.0
69608000000,0.0,-0.087266,0.0
69641000000,0.0,-0.087266,0.0
69683000000,0.0,-0.087266,0.0
69723000000,0.0,-0.087266,0.0
69761000000,0.0,-0.087266,0.0
69815000000,0.0,-0.087266,0.0
69867000000,0.0,-0.087266,0.0
69908000000,0.0,-0.087266,0.0
69938000000,0.0,-0.087266,0.0
69973000000,0.0,-0.087266,0.0
70014000000,0.0,-0.087266,0.0
70051000000,0.0,-0.087266,0.0
70080000000,0.0,-0.087266,0.0
70115000000,0.0,-0.087266,0.0
70146000000,0.0,-0.087266,0.0
70180000000,0.0,-0.087266,0.0
70211000000,0.0,-0.087266,0.0
70241000000,0.0,-0.087266,0.0
70275000000,0.0,-0.087266,0.0
70303000000,0.0,-0.087266,0.0
70336000000,0.0,-0.087266,0.0
70367000000,0.0,-0.087266,0.0
70397000000,0.0,-0.087266,0.0
70421000000,0.0,-0.087266,0.0
70454000000,0.0,-0.087266,0.0
70482000000,0.0,-0.087266,0.0
70508000000,0.0,-0.087266,0.0
70535000000,0.0,-0.087266,0.0
70570000000,0.0,-0.087266,0.0
70603000000,0.0,-0.087266,0.0
70625000000,0.0,-0.087266,0.0
70647000000,0.0,-0.087266,0.0
70671000000,0.0,-0.087266,0.0
70696000000,0.0,-0.087266,0.0
70735000000,0.0,-0.087266,0.0
70750000000,0.0,-0.087266,0.0
70780000000,0.0,-0.087266,0.0
70812000000,0.0,-0.087266,0.0
70845000000,0.0,-0.087266,0.0
70875000000,0.0,-0.087266,0.0
70906000000,0.0,-0.087266,0.0
70932000000,0.0,-0.087266,0.0
70961000000,0.0,-0.087266,0.0
70990000000,0.0,-0.087266,0.0
71019000000,0.0,-0.087266,0.0
71047000000,0.0,-0.087266,0.0
71082000000,0.0,-0.087266,0.0
71144000000,0.0,0.0,0.0
71207000000,0.0,0.0,0.0
71252000000,0.0,0.0,0.0
71297000000,0.0,0.0,0.0
71329000000,0.0,0.0,0.0
71373000000,0.0,0.0,0.0
71407000000,0.0,0.0,0.0
71444000000,0.0,0.0,0.0
71481000000,0.0,0.0,0.0
71521000000,0.0,0.0,0.0
71553000000,0.0,0.0,0.0
71577000000,0.0,0.0,0.0
71633000000,0.0,0.0,0.0
71678000000,0.0,0.0,0.0
71725000000,0.0,0.0,0.0
71774000000,0.0,0.0,0.0
71816000000,0.0,0.0,0.0
71855000000,0.0,0.0,0.0
71901000000,0.0,0.0,0.0
71942000000,0.0,0.0,0.0
71972000000,0.0,0.0,0.0
72010000000,0.0,0.0,0.0
72048000000,0.0,0.0,0.0
72083000000,0.0,0.0,0.0
72116000000,0.0,0.0,0.0
72168000000,0.0,0.0,0.0
72193000000,0.0,0.0,0.0
72215000000,0.0,0.0,0.0
72230000000,0.0,0.0,0.0
72258000000,0.0,0.0,0.0
72290000000,0.0,0.0,0.0
72338000000,0.0,0.0,0.0
72380000000,0.0,0.0,0.0
72425000000,0.0,0.0,0.0
72447000000,0.0,0.0,0.0
72475000000,0.0,0.0,0.0
72520000000,0.0,0.0,0.0
72556000000,0.0,0.0,0.0
72588000000,0.0,0.0,0.0
72628000000,0.0,0.0,0.0
72670000000,0.0,0.0,0.0
72707000000,0.0,0.0,0.0
72737000000,0.0,0.0,0.0
72774000000,0.0,0.0,0.0
72803000000,0.0,0.0,0.0
72856000000,0.0,0.0,0.0
72897000000,0.0,0.0,0.0
72942000000,0.0,0.0,0.0
72979000000,0.0,0.0,0.0
73015000000,0.0,0.0,0.0
73055000000,0.0,0.0,0.0
73083000000,0.0,0.0,0.0
73120000000,0.0,0.0,0.0
73163000000,0.0,0.0,0.0
73201000000,0.0,0.0,0.0
73240000000,0.0,0.0,0.0
73270000000,0.0,0.0,0.0
73297000000,0.0,0.0,0.0
73325000000,0.0,0.0,0.0
73357000000,0.0,0.0,0.0
73379000000,0.0,0.0,0.0
73400000000,0.0,0.0,0.0
73424000000,0.0,0.0,0.0
73488000000,0.0,0.0,0.0
73511000000,0.0,0.0,0.0
73525000000,0.0,0.0,0.0
73570000000,0.0,0.0,0.0
73628000000,0.0,0.0,0.0
73680000000,0.0,0.0,0.0
73709000000,0.0,0.0,0.0
73736000000,0.0,0.0,0.0
73776000000,0.0,0.0,0.0
73871000000,0.0,0.0,0.0
73892000000,0.0,0.0,0.0
73914000000,0.0,0.0,0.0
73955000000,0.0,0.0,0.0
73994000000,0.0,0.0,0.0
74015000000,0.0,0.0,0.0
74048000000,0.0,0.0,0.0
74080000000,0.0,0.0,0.0
74112000000,0.0,0.0,0.0
74137000000,0.0,0.0,0.0
74170000000,0.0,0.0,0.0
74193000000,0.0,0.0,0.0
74238000000,0.0,0.0,0.0
74267000000,0.0,0.0,0.0
74309000000,0.0,0.0,0.0
74347000000,0.0,0.0,0.0
74384000000,0.0,0.0,0.0
74418000000,0.0,0.0,0.0
74463000000,0.0,0.0,0.0
74496000000,0.0,0.0,0.0
74544000000,0.0,0.0,0.0
74581000000,0.0,0.0,0.0
74624000000,0.0,0.0,0.0
74665000000,0.0,0.0,0.0
74706000000,0.0,0.0,0.0
74752000000,0.0,0.0,0.0
74804000000,0.0,0.0,0.0
74827000000,0.0,0.0,0.0
74871000000,0.0,0.0,0.0
74907000000,0.0,0.0,0.0
74938000000,0.0,0.0,0.0
74969000000,0.0,0.0,0.0
75004000000,0.0,0.0,0.0
75027000000,0.0,0.0,0.0
75053000000,0.0,0.0,0.0
75087000000,0.0,0.0,0.0
75118000000,0.0,0.0,0.0
75152000000,0.0,0.0,0.0
75187000000,0.0,0.0,0.0
75210000000,0.0,0.0,0.0
75237000000,0.0,0.0,0.0
75272000000,0.0,0.0,0.0
75306000000,0.0,0.0,0.0
75346000000,0.0,0.0,0.0
75406000000,0.0,0.0,0.0
75450000000,0.0,0.0,0.0
75482000000,0.0,0.0,0.0
75504000000,0.0,0.0,0.0
75538000000,0.0,0.0,0.0
75577000000,0.0,0.0,0.0
75615000000,0.0,0.0,0.0
75649000000,0.0,0.0,0.0
75685000000,0.0,0.0,0.0
75717000000,0.0,0.0,0.0
75758000000,0.0,0.0,0.0
75801000000,0.0,0.0,0.0
75837000000,0.0,0.0,0.0
75876000000,0.0,0.0,0.0
75917000000,0.0,0.0,0.0
75936000000,0.0,0.0,0.0
75970000000,0.0,0.0,0.0
76005000000,0.0,0.0,0.0
76043000000,0.0,0.0,0.0
76080000000,0.0,0.0,0.0
76120000000,0.0,0.0,0.0
76154000000,0.0,0.0,0.0
76193000000,0.0,0.0,0.0
76224000000,0.0,0.0,0.0
76253000000,0.0,0.0,0.0
76287000000,0.0,0.0,0.0
76315000000,0.0,0.0,0.0
76349000000,0.0,0.0,0.0
76374000000,0.0,0.0,0.0
76425000000,0.0,0.0,0.0
76459000000,0.0,0.0,0.0
76500000000,0.0,0.0,0.0
76542000000,0.0,0.0,0.0
76590000000,0.0,0.0,0.0
76636000000,0.0,0.0,0.0
76676000000,0.0,0.0,0.0
76698000000,0.0,0.0,0.0
76737000000,0.0,0.0,0.0
76768000000,0.0,0.0,0.0
76798000000,0.0,0.0,0.0
76832000000,0.0,0.0,0.0
76862000000,0.0,0.0,0.0
76885000000,0.0,0.0,0.0
76916000000,0.0,0.0,0.0
76973000000,0.0,0.0,0.0
77024000000,0.0,0.0,0.0
77075000000,0.0,0.0,0.0
77114000000,0.0,0.0,0.0
77179000000,0.0,0.0,0.0
77217000000,0.0,0.0,0.0
77281000000,0.0,0.0,0.0
77333000000,0.0,0.0,0.0
77383000000,0.0,0.0,0.0
77438000000,0.0,0.0,0.0
77469000000,0.0,0.0,0.0
77502000000,0.0,0.0,0.0
77549000000,0.0,0.0,0.0
77597000000,0.0,0.0,0.0
77638000000,0.0,0.0,0.0
77685000000,0.0,0.0,0.0
77728000000,0.0,0.0,0.0
77778000000,0.0,0.0,0.0
77801000000,0.0,0.0,0.0
77829000000,0.0,0.0,0.0
77864000000,0.0,0.0,0.0
77904000000,0.0,0.0,0.0
77939000000,0.0,0.0,0.0
77984000000,0.0,0.0,0.0
78035000000,0.0,0.0,0.0
78082000000,0.0,0.0,0.0
78125000000,0.0,0.0,0.0
78166000000,0.0,0.0,0.0
78210000000,0.0,0.0,0.0
78243000000,0.0,0.0,0.0
78279000000,0.0,0.0,0.0
78327000000,0.0,0.0,0.0
78363000000,0.0,0.0,0.0
78423000000,0.0,0.0,0.0
78468000000,0.0,0.0,0.0
78517000000,0.0,0.0,0.0
78562000000,0.0,0.0,0.0
78598000000,0.0,0.0,0.0
78649000000,0.0,0.0,0.0
78696000000,0.0,0.0,0.0
78739000000,0.0,0.0,0.0
78782000000,0.0,0.0,0.0
78823000000,0.0,0.0,0.0
78860000000,0.0,0.0,0.0
78893000000,0.0,0.0,0.0
78928000000,0.0,0.0,0.0
78956000000,0.0,0.0,0.0
78979000000,0.0,0.0,0.0
79005000000,0.0,0.0,0.0
79031000000,0.0,0.0,0.0
79058000000,0.0,0.0,0.0
79087000000,0.0,0.0,0.0
79118000000,0.0,0.0,0.0
79147000000,0.0,0.0,0.0
79180000000,0.0,0.0,0.0
79208000000,0.0,0.0,0.0
79242000000,0.0,0.0,0.0
79278000000,0.0,0.0,0.0
79308000000,0.0,0.0,0.0
79340000000,0.0,0.0,0.0
79379000000,0.0,0.0,0.0
79425000000,0.0,0.0,0.0
79467000000,0.0,0.0,0.0
79511000000,0.0,0.0,0.0
79553000000,0.0,0.0,0.0
79598000000,0.0,0.0,0.0
79644000000,0.0,0.0,0.0
79687000000,0.0,0.0,0.0
79719000000,0.0,0.0,0.0
79764000000,0.0,0.0,0.0
79808000000,0.0,0.0,0.0
79848000000,0.0,0.0,0.0
79881000000,0.0,0.0,0.0
79910000000,0.0,0.0,0.0
79944000000,0.0,0.0,0.0
79983000000,0.0,0.0,0.0
80016000000,0.0,0.0,0.0
80050000000,0.0,0.0,0.0
80096000000,0.0,0.0,0.0
80155000000,0.0,0.0,0.0
80167000000,0.0,0.0,0.0
80199000000,0.0,0.0,0.0
80226000000,0.0,0.0,0.0
80262000000,0.0,0.0,0.0
80302000000,0.0,0.0,0.0
80333000000,0.0,0.0,0.0
80354000000,0.0,0.0,0.0
80376000000,0.0,0.0,0.0
80394000000,0.0,0.0,0.0
80431000000,0.0,0.0,0.0
80460000000,0.0,0.0,0.0
80484000000,0.0,0.0,0.0
80523000000,0.0,0.0,0.0
80599000000,0.0,0.0,0.0
80664000000,0.0,0.0,0.0
80696000000,0.0,0.0,0.0
80741000000,0.0,0.0,0.0
80783000000,0.0,0.0,0.0
80820000000,0.0,0.0,0.0
80875000000,0.0,0.0,0.0
80897000000,0.0,0.0,0.0
80919000000,0.0,0.0,0.0
80956000000,0.0,0.0,0.0
80997000000,0.0,0.0,0.0
81015000000,0.0,0.0,0.0
81037000000,0.0,0.0,0.0
81077000000,0.0,0.0,0.0
81114000000,0.0,0.0,0.0
81144000000,0.0,0.0,0.0
81173000000,0.0,0.0,0.0
81216000000,0.0,0.0,0.0
81265000000,0.0,0.0,0.0
81304000000,0.0,0.0,0.0
81348000000,0.0,0.0,0.0
81386000000,0.0,0.0,0.0
81433000000,0.0,0.0,0.0
81468000000,0.0,0.0,0.0
81514000000,0.0,0.0,0.0
81546000000,0.0,0.0,0.0
81595000000,0.0,0.0,0.0
81636000000,0.0,0.0,0.0
81682000000,0.0,0.0,0.0
81746000000,0.0,0.0,0.0
81781000000,0.0,0.0,0.0
81805000000,0.0,0.0,0.0
81845000000,0.0,0.0,0.0
81876000000,0.0,0.0,0.0
81909000000,0.0,0.0,0.0
82000000000,0.0,0.0,0.0
82057000000,0.0,0.0,0.0
82115000000,0.0,0.0,0.0
82155000000,0.0,0.0,0.0
82183000000,0.0,0.0,0.0
82231000000,0.0,0.0,0.0
82274000000,0.0,0.0,0.0
82317000000,0.0,0.0,0.0
82356000000,0.0,0.0,0.0
82382000000,0.0,0.0,0.0
82418000000,0.0,0.0,0.0
82466000000,0.0,0.0,0.0
82506000000,0.0,0.0,0.0
82535000000,0.0,0.0,0.0
82581000000,0.0,0.0,0.0
82616000000,0.0,0.0,0.0
82657000000,0.0,0.0,0.0
82697000000,0.0,0.0,0.0
82714000000,0.0,0.0,0.0
82761000000,0.0,0.0,0.0
82794000000,0.0,0.0,0.0
82827000000,0.0,0.0,0.0
82863000000,0.0,0.0,0.0
82895000000,0.0,0.0,0.0
82925000000,0.0,0.0,0.0
82957000000,0.0,0.0,0.0
82985000000,0.0,0.0,0.0
83015000000,0.0,0.0,0.0
83044000000,0.0,0.0,0.0
83067000000,0.0,0.0,0.0
83112000000,0.0,0.0,0.0
83139000000,0.0,0.0,0.0
83181000000,0.0,0.0,0.0
83232000000,0.0,0.0,0.0
83284000000,0.0,0.0,0.0
83322000000,0.0,0.0,0.0
83351000000,0.0,0.0,0.0
83372000000,0.0,0.0,0.0
83394000000,0.0,0.0,0.0
83414000000,0.0,0.0,0.0
83445000000,0.0,0.0,0.0
83487000000,0.0,0.0,0.0
83530000000,0.0,0.0,0.0
83580000000,0.0,0.0,0.0
83634000000,0.0,0.0,0.0
83673000000,0.0,0.0,0.0
83711000000,0.0,0.0,0.0
83756000000,0.0,0.0,0.0
83784000000,0.0,0.0,0.0
83827000000,0.0,0.0,0.0
83868000000,0.0,0.0,0.0
83902000000,0.0,0.0,0.0
83934000000,0.0,0.0,0.0
83973000000,0.0,0.0,0.0
84009000000,0.0,0.0,0.0
84055000000,0.0,0.0,0.0
84082000000,0.0,0.0,0.0
84133000000,0.0,0.0,0.0
84167000000,0.0,0.0,0.0
84196000000,0.0,0.0,0.0
84228000000,0.0,0.0,0.0
84255000000,0.0,0.0,0.0
84286000000,0.0,0.0,0.0
84325000000,0.0,0.0,0.0
84365000000,0.0,0.0,0.0
84398000000,0.0,0.0,0.0
84441000000,0.0,0.0,0.0
84477000000,0.0,0.0,0.0
84521000000,0.0,0.0,0.0
84573000000,0.0,0.0,0.0
84607000000,0.0,0.0,0.0
84656000000,0.0,0.0,0.0
84674000000,0.0,0.0,0.0
84695000000,0.0,0.0,0.0
84749000000,0.0,0.0,0.0
84768000000,0.0,0.0,0.0
84799000000,0.0,0.0,0.0
84837000000,0.0,0.0,0.0
84874000000,0.0,0.0,0.0
84914000000,0.0,0.0,0.0
84961000000,0.0,0.0,0.0
84989000000,0.0,0.0,0.0
85045000000,0.0,0.0,0.0
85096000000,0.0,0.0,0.0
85142000000,0.0,0.0,0.0
85177000000,0.0,0.0,0.0
85225000000,0.0,0.0,0.0
85260000000,0.0,0.0,0.0
85282000000,0.0,0.0,0.0
85316000000,0.0,0.0,0.0
85358000000,0.0,0.0,0.0
85401000000,0.0,0.0,0.0
85443000000,0.0,0.0,0.0
85482000000,0.0,0.0,0.0
85526000000,0.0,0.0,0.0
85572000000,0.0,0.0,0.0
85611000000,0.0,0.0,0.0
85643000000,0.0,0.0,0.0
85674000000,0.0,0.0,0.0
85725000000,0.0,0.0,0.0
85763000000,0.0,0.0,0.0
85804000000,0.0,0.0,0.0
85873000000,0.0,0.0,0.0
85915000000,0.0,0.0,0.0
85957000000,0.0,0.0,0.0
86014000000,0.0,0.0,0.0
86069000000,0.0,0.0,0.0
86121000000,0.0,0.0,0.0
86165000000,0.0,0.0,0.0
86224000000,0.0,0.0,0.0
86277000000,0.0,0.0,0.0
86339000000,0.0,0.0,0.0
86366000000,0.0,0.0,0.0
86412000000,0.0,0.0,0.0
86441000000,0.0,0.0,0.0
86483000000,0.0,0.0,0.0
86520000000,0.0,0.0,0.0
86555000000,0.0,0.0,0.0
86597000000,0.0,0.0,0.0
86641000000,0.0,0.0,0.0
86680000000,0.0,0.0,0.0
86720000000,0.0,0.0,0.0
86759000000,0.0,0.0,0.0
86796000000,0.0,0.0,0.0
86834000000,0.0,0.0,0.0
86872000000,0.0,0.0,0.0
86938000000,0.0,0.0,0.0
86984000000,0.0,0.0,0.0
87017000000,0.0,0.0,0.0
87064000000,0.0,0.0,0.0
87106000000,0.0,0.0,0.0
87148000000,0.0,0.0,0.0
87193000000,0.0,0.0,0.0
87239000000,0.0,0.0,0.0
87275000000,0.0,0.0,0.0
87311000000,0.0,0.0,0.0
87345000000,0.0,0.0,0.0
87385000000,0.0,0.0,0.0
87430000000,0.0,0.0,0.0
87491000000,0.0,0.0,0.0
87526000000,0.0,0.0,0.0
87578000000,0.0,0.0,0.0
87626000000,0.0,0.0,0.0
87674000000,0.0,0.0,0.0
87722000000,0.0,0.0,0.0
87763000000,0.0,0.0,0.0
87800000000,0.0,0.0,0.0
87838000000,0.0,0.0,0.0
87877000000,0.0,0.0,0.0
87928000000,0.0,0.0,0.0
87978000000,0.0,0.0,0.0
88018000000,0.0,0.0,0.0
88058000000,0.0,0.0,0.0
88111000000,0.0,0.0,0.0
88138000000,0.0,0.0,0.0
88177000000,0.0,0.0,0.0
88234000000,0.0,0.0,0.0
88271000000,0.0,0.0,0.0
