%time,field
13578000000,0.000469354644668
13608000000,0.000413845519683
13641000000,0.000344706872708
13680000000,0.000271649062137
13719000000,0.000168503941855
13754000000,5.74645530599e-05
13789000000,-0.00114280460759
13795000000,-0.000201620714823
13852000000,-0.00181391087077
13889000000,-0.000484982425673
13909000000,-0.000614617736686
13952000000,-0.000654803067542
13974000000,-0.00071887392687
14002000000,-0.00074430172042
14026000000,-0.000758964428997
14063000000,-0.000762375285367
14104000000,-0.000743853702911
14145000000,-5.49953747798e-05
14186000000,0.000290444016797
14220000000,0.000826590309733
14246000000,0.00113911152381
14273000000,0.00135758442173
14302000000,0.00141825827957
14338000000,6.00449515444e-05
14374000000,0.000176327774978
14409000000,0.000200004347655
14447000000,0.000197264796891
14475000000,0.000185902989335
14508000000,1.19508160197e-05
14547000000,-3.47895946027e-05
14585000000,-9.89114790117e-05
14625000000,0.00010981040858
14663000000,8.50200058719e-05
14703000000,7.48919479005e-05
14740000000,6.50814555444e-05
14782000000,5.46465562547e-05
14821000000,4.05893635639e-05
14853000000,2.4771322749e-05
14890000000,7.88488367627e-06
14927000000,-1.03125372837e-05
14969000000,-2.94756619508e-05
15007000000,-5.24296674168e-05
15045000000,-7.28757631373e-05
15084000000,-9.28554252279e-05
15121000000,-0.000109918530873
15151000000,-0.000125064188479
15185000000,-0.000133045295847
15224000000,-0.000140814058409
15262000000,-0.000142611859997
15301000000,-0.000139752767537
15338000000,-0.000128466036491
15376000000,-0.000113801298463
15390000000,-8.89119192001e-05
15446000000,-6.17102238992e-05
15485000000,0.00031548677338
15526000000,0.0003897708606
15560000000,0.0005860740087
15597000000,0.00057255607138
15635000000,0.000567607048493
15673000000,0.000400078529752
15708000000,0.000231518598071
15735000000,0.000217312966273
15774000000,0.000194824258626
15799000000,-0.000320047340559
15837000000,-0.000388455164552
15868000000,-0.000662093328151
15897000000,-0.000613816584578
15952000000,-0.00010816591673
15991000000,-0.000153654437724
16033000000,-0.000150296685636
16075000000,-0.000129411913041
16113000000,-0.000100075653688
16152000000,0.000259413552595
16192000000,0.00035382915176
16234000000,0.000517799402044
16272000000,0.000542228171045
16311000000,0.000149621664584
16347000000,0.0001837489343
16390000000,0.000181983668275
16427000000,0.000168023735918
16469000000,0.000147697262062
16509000000,-0.000141967056173
16550000000,-0.000213061877955
16588000000,-0.000366420196606
16631000000,-0.000349465144431
16669000000,-4.87305633078e-05
16708000000,-6.79336630335e-05
16744000000,-5.57995582224e-05
16782000000,-3.50026924907e-05
16819000000,0.000267608589116
16861000000,0.000368287912158
16902000000,0.000499163213179
16940000000,0.000525405165123
16981000000,0.000181760380312
17018000000,0.000211680186342
17055000000,0.000208356208364
17094000000,0.000194445120545
17135000000,0.000172918220511
17174000000,0.000144367179403
17214000000,0.000111123702116
17254000000,7.2000351044e-05
17284000000,2.82313053317e-05
17324000000,-8.06942873994e-06
17365000000,-5.66201469853e-05
17405000000,-0.000111284608499
17445000000,-0.000166682071288
17486000000,-0.0002182496822
17526000000,-0.000259620206261
17565000000,-0.000294708628585
17605000000,-0.000317048833938
17643000000,-0.000327290409889
17685000000,-0.000322129083459
17722000000,-0.000301602427769
17761000000,-0.000267963980803
17798000000,0.00034245173003
17837000000,0.000516743384275
17877000000,0.000901269123982
17916000000,0.000961658902232
17956000000,0.00100962884851
17996000000,0.000272442456753
18035000000,0.000321161564353
18075000000,0.000299226034108
18112000000,-0.000251921529416
18150000000,-0.000386801482917
18188000000,-0.000685521405433
18227000000,-0.000671824130549
18266000000,-7.05176614046e-05
18301000000,-0.000123112352628
18339000000,-0.000126156629318
18378000000,-0.000112140280427
18418000000,-8.96380754085e-05
18457000000,-5.81960038885e-05
18500000000,0.00028202345857
18529000000,0.000368508426282
18578000000,0.00050878103002
18618000000,0.000508773144703
18656000000,0.000168750963368
18696000000,0.000195964705331
18737000000,0.000189396191383
18778000000,0.000169968831729
18817000000,-0.000109914758432
18841000000,-0.000216611890523
18899000000,-0.000348895965626
18939000000,-0.000391995296856
18978000000,-0.000368143227772
19020000000,-7.34121642574e-05
19059000000,-8.684631156e-05
19099000000,0.000127282061007
19139000000,0.000184112532971
19178000000,0.000333212820325
19220000000,0.000323828034616
19259000000,0.000352113156202
19298000000,9.57684479906e-05
19343000000,0.000108877316617
19381000000,9.6883265955e-05
19420000000,-0.000108446582884
19455000000,-0.000153363480122
19495000000,-0.000254293726799
19525000000,-0.000237030686055
19555000000,-0.000240560148128
19588000000,-4.31778544505e-05
19625000000,-5.10632151172e-05
19662000000,-4.46812519166e-05
19696000000,-3.033713898e-05
19733000000,0.000148856902678
19775000000,0.000205690431195
19817000000,0.000279476351103
19855000000,0.000281961402087
19895000000,9.37259580852e-05
19935000000,0.000109567400561
19977000000,0.000105726798645
20014000000,9.49492386198e-05
20057000000,8.10081063378e-05
20094000000,6.36014597044e-05
20133000000,-0.000123567566965
20170000000,-0.000178777576587
20213000000,-0.000255246453434
20254000000,-0.000253875893541
20295000000,-6.22962381909e-05
20335000000,-7.55836484191e-05
20372000000,-6.8189016672e-05
20409000000,9.31381074401e-05
20450000000,0.000132227027775
20493000000,0.000249837993528
20531000000,0.000238123036734
20570000000,0.000271473425866
20611000000,7.22867247425e-05
20646000000,8.38252760683e-05
20686000000,7.76995994847e-05
20725000000,6.73319560916e-05
20766000000,-7.75143612078e-05
20805000000,-0.000111226290538
20846000000,-0.000164541154756
20887000000,-6.19736900741e-06
20926000000,-2.37775170824e-05
20962000000,-2.75842795064e-05
20999000000,-2.66034461512e-05
21042000000,-2.40811324614e-05
21079000000,-1.83828700373e-05
21122000000,-1.17106669334e-05
21163000000,-1.61380809267e-06
21203000000,0.00011297256949
21239000000,0.000126741183805
21277000000,0.000193774244225
21316000000,0.000175205341022
21355000000,7.19504894849e-05
21393000000,8.19564270729e-05
21434000000,8.12139393148e-05
21471000000,7.71623557533e-05
21503000000,7.13167188632e-05
21535000000,-2.4541384475e-05
21575000000,-3.04778101579e-05
21616000000,-9.15608986112e-05
21656000000,-6.790856191e-05
21696000000,1.38674503687e-05
21738000000,5.43531685981e-06
21782000000,3.96218755214e-06
21816000000,6.48609716783e-06
21855000000,8.20292288782e-06
21895000000,1.22040501007e-05
21935000000,1.55270786565e-05
21976000000,4.91197787216e-05
22013000000,8.29563043391e-05
22042000000,7.41189208851e-05
22066000000,0.000102459142305
22095000000,4.23297572877e-05
22124000000,4.63552611566e-05
22152000000,4.79494941192e-05
22176000000,4.85098437881e-05
22226000000,-0.0415159498901
22256000000,-0.0176129749525
22278000000,0.0272573110809
22313000000,0.0399874250208
22344000000,0.0182363372356
22378000000,0.00016629940394
22406000000,-0.00823436808923
22433000000,-0.00868645438669
22458000000,-0.00232400331977
22473000000,0.00205217050521
22511000000,-0.000350466591833
22552000000,-0.00650655745974
22581000000,-0.00891080179716
22607000000,-0.00574163091574
22644000000,-0.000714671130869
22681000000,0.000301384766738
22712000000,-0.0025799912719
22735000000,-0.00559462339959
22775000000,-0.000398773148277
22811000000,0.00454172077303
22862000000,-0.00502761319875
22910000000,-0.0118595538262
22926000000,0.00879254007052
22949000000,0.0076741531591
22973000000,-0.00695169768801
23006000000,-0.0150305726463
23036000000,0.0129635427679
23061000000,0.0141297671357
23107000000,-0.00757839384261
23140000000,-0.0125692609079
23159000000,0.00552948930033
23189000000,0.010312778971
23211000000,-0.00950184959702
23235000000,-0.00695895367387
23290000000,0.0162783523986
23322000000,0.0112505400434
23358000000,-0.0132484902421
23406000000,-0.0204641667011
23457000000,0.0132570697959
23499000000,0.0404057415309
23556000000,-0.00537775121934
23602000000,-0.0600191854285
23656000000,-0.0209018410119
23697000000,0.0590981589881
23748000000,0.0387152177789
23783000000,-0.0412847822211
23815000000,-0.0559742664515
23851000000,0.0141215225924
23891000000,0.0495164782178
23915000000,-0.00996235680503
23938000000,-0.0459378123389
23975000000,0.00568099582989
24007000000,0.0492750317196
24042000000,0.0121372134938
24079000000,-0.0311664911327
24121000000,-0.0122692989491
24140000000,0.0342037920983
24185000000,0.0228059124156
24218000000,-0.026057964256
24272000000,-0.0285589039017
24310000000,0.0184243541778
24336000000,0.0340608423893
24373000000,-0.00553702596446
24416000000,-0.0339814904517
24454000000,-0.00665238468922
24481000000,0.0302266982684
24519000000,0.01284826671
24540000000,-0.0307665435228
24573000000,-0.0215007826552
24603000000,0.0240741011457
24641000000,0.0269356702963
24675000000,-0.0214046193949
24704000000,-0.0379601625879
24740000000,0.00343363150996
24767000000,0.0347086761733
24818000000,0.00190042549923
24850000000,-0.0450963752425
24880000000,-0.0241582733242
24902000000,0.0335555465053
24940000000,0.0277402645595
24981000000,-0.0367320083347
25015000000,-0.0484105618776
25046000000,0.0159925570554
25083000000,0.0442555987838
25117000000,-0.0128187812612
25149000000,-0.0534790702378
25176000000,-0.00335123694662
25238000000,0.0448682054604
25273000000,-0.00104776503075
25308000000,-0.0548765267066
25337000000,-0.0161895186804
25385000000,0.046490743716
25424000000,0.024113090732
25477000000,-0.0476623132791
25527000000,-0.0469641331207
25563000000,0.0330358668793
25610000000,0.0651356872628
25669000000,-0.0132150537782
25735000000,-0.0762614599544
25795000000,-0.0066615106134
25849000000,0.0733384893866
25894000000,0.0602946362477
25946000000,-0.0197053637523
26001000000,-0.0532023612724
26056000000,0.0141620508557
26096000000,0.071767339333
26147000000,0.00847548609444
26231000000,-0.0715245139056
26277000000,-0.040672214123
26309000000,0.039327785877
26354000000,0.0522273458409
26414000000,-0.0209765076729
26476000000,-0.0606742943927
26544000000,0.0140627331519
26577000000,0.0940627331519
26628000000,0.0351102590615
26661000000,-0.0448897409385
26699000000,-0.0361499930241
26767000000,0.0338374066542
26809000000,0.0557635967336
26860000000,-0.013267835437
26900000000,-0.0636205553125
26952000000,-0.00273152110259
27003000000,0.0688892692833
27062000000,0.0188448352867
27124000000,-0.0611551647133
27148000000,-0.0643826517067
27179000000,0.0052333305577
27236000000,0.0237774677319
27292000000,-0.0295789224938
27343000000,-0.0620402607883
27369000000,-0.00139129895784
27447000000,0.0408695238602
27473000000,0.00255756115527
27502000000,-0.0371663627945
27562000000,-0.00516906918233
27627000000,0.0582333752023
27666000000,0.044220699224
27698000000,-0.0243720709892
27749000000,-0.0282679315176
27772000000,0.0321146983841
27805000000,0.0418492034802
27848000000,-0.0152337036182
27881000000,-0.0453954279057
27911000000,0.00156385181204
27937000000,0.0322740175082
27978000000,-0.00668479061112
28021000000,-0.047810468309
28046000000,-0.0149052577117
28086000000,0.0272688701396
28126000000,0.00884308778831
28159000000,-0.0320110405502
28173000000,-0.0218852168925
28208000000,0.0162518549061
28250000000,0.0181700152356
28279000000,-0.0150776919334
28317000000,-0.0232350562634
28339000000,0.0109075637279
28373000000,0.0249970410943
28406000000,-0.00594945143167
28433000000,-0.0273892497447
28478000000,-0.00130789863919
28516000000,0.0333510231993
28562000000,0.0160245413209
28609000000,-0.0316796496882
28643000000,-0.0307558168085
28682000000,0.0183328879348
28719000000,0.0330373302797
28748000000,-0.0145647863891
28776000000,-0.0394931419408
28823000000,0.00273251662604
28874000000,0.049384513367
28934000000,0.0196234543327
28954000000,-0.0565347878773
29009000000,-0.0412736385283
29052000000,0.0387263614717
29088000000,0.0680530809097
29098000000,-0.0113650846853
29118000000,-0.0172120110972
29159000000,0.0266523006547
29203000000,0.0319846281746
29235000000,-0.00756185058312
29275000000,-0.0292442726241
29312000000,0.0065434590151
29341000000,0.037726597474
29383000000,0.00451943180077
29418000000,-0.041891826881
29466000000,-0.0194539104617
29492000000,0.0430057998327
29504000000,0.0312679583693
29536000000,-0.0254147802737
29568000000,-0.0279762649702
29625000000,0.0268538472165
29693000000,0.0557092373051
29721000000,-0.00944016475351
29773000000,-0.057433041304
29815000000,-0.000857644152177
29852000000,0.0648564025383
29898000000,0.0187409150697
29964000000,-0.0612590849303
30002000000,-0.0705861746788
30044000000,0.00941382532121
30092000000,0.0571501494447
30146000000,-0.00897695235644
30181000000,-0.0818911216577
30219000000,-0.025789378185
30269000000,0.054210621815
30330000000,0.0352731086787
30375000000,-0.0447268913213
30419000000,-0.0630792723759
30446000000,0.0169207276241
30488000000,0.0462016737597
30547000000,-0.020542490319
30583000000,-0.0731599916618
30640000000,-0.0159881770201
30678000000,0.0640118229799
30703000000,0.0420946789224
30761000000,-0.0319939371131
30796000000,-0.0391556730342
30840000000,0.0367623589221
30897000000,0.0621510670702
30952000000,-0.0178489329298
31004000000,-0.0828873927416
31022000000,-0.0139284615832
31082000000,0.0576388221046
31141000000,0.0170122658892
31165000000,-0.0629877341108
31195000000,-0.0394609290455
31236000000,0.0349535873081
31265000000,0.0339449692456
31294000000,-0.0233530770759
31318000000,-0.0315990652204
31341000000,0.0196405995337
31374000000,0.0299455836938
31416000000,-0.0139251250615
31443000000,-0.0334171409746
31476000000,0.00579134963269
31515000000,0.0309426653205
31554000000,-0.000453233545946
31594000000,-0.0325146864188
31644000000,0.00151476773571
31676000000,0.0340144699261
31703000000,0.00577483702047
31747000000,-0.0291645304583
31782000000,-0.00902072237002
31818000000,0.0309207344208
31857000000,0.0191225169254
31886000000,-0.0221460877974
31910000000,-0.018294385275
31940000000,0.0201202676469
31994000000,0.0229730020307
32025000000,-0.0228117914954
32057000000,-0.0392966328525
32096000000,0.00354563881913
32143000000,0.0319057742262
32190000000,-0.00467357592216
32235000000,-0.048255186196
32274000000,-0.0205312489364
32326000000,0.0402734987628
32361000000,0.0401735052394
32407000000,-0.0228099218938
32450000000,-0.0433761367775
32491000000,0.0194267440733
32535000000,0.0576181980823
32570000000,-0.00100446348132
32602000000,-0.0546319464529
32667000000,-0.0039196491095
32714000000,0.0760803508905
32744000000,0.0462501882793
32823000000,-0.0337498117207
32883000000,-0.0818713665563
32937000000,-0.00315204843476
32997000000,0.0768479515652
33045000000,0.0320839448645
33095000000,-0.0479160551355
33150000000,-0.0551755535291
33185000000,0.0100660878206
33219000000,0.050424496594
33266000000,-0.00443495734644
33293000000,-0.0618136230712
33345000000,-0.0130197445327
33381000000,0.0650310744092
33407000000,0.0310059449718
33440000000,-0.0475776233114
33458000000,-0.0254950884807
33502000000,0.045462761525
33551000000,0.0359853211068
33585000000,-0.039625130033
33620000000,-0.0440906431722
33666000000,0.0171632344038
33685000000,0.0395025375333
33717000000,-0.00819546612404
33763000000,-0.0394344736397
33787000000,0.000737458519597
33827000000,0.0322123675293
33855000000,0.0040767596465
33920000000,-0.0299947533736
33958000000,-0.0118124831966
34038000000,0.034675121429
34064000000,0.0330307909588
34108000000,-0.0162865748047
34143000000,-0.0318422326472
34183000000,0.0134090649974
34237000000,0.041139975006
34286000000,-0.00617149357304
34323000000,-0.0502866248204
34358000000,-0.0114149192213
34395000000,0.0452569068124
34429000000,0.0183125743763
34459000000,-0.0475506232141
34486000000,-0.0314534823139
34530000000,0.0289687563525
34573000000,0.0336272089264
34620000000,-0.0227562688263
34655000000,-0.0453333466924
34694000000,0.00666926052143
34720000000,0.046456411931
34781000000,-0.000859619414469
34823000000,-0.0628091805416
34868000000,-0.0258510569952
34890000000,0.0534609288886
34916000000,0.0298213312827
34946000000,-0.0413350657809
34983000000,-0.0292089111155
35033000000,0.043671057061
35060000000,0.0562102537828
35097000000,-0.00977649303423
35148000000,-0.0375694545577
35207000000,0.018666293123
35234000000,0.068251378929
35258000000,0.0205069136935
35286000000,-0.0358459465906
35328000000,-0.00617053465139
35375000000,0.0440416232904
35410000000,0.0262274882643
35459000000,-0.022303609878
35492000000,-0.0295527503937
35534000000,0.0113326318921
35569000000,0.0285127841539
35605000000,-0.00521493638433
35651000000,-0.0284682323278
35673000000,-0.00274979985936
35719000000,0.0219177834094
35746000000,0.00418554862168
35802000000,-0.0202642193048
35827000000,-0.0115583537876
35859000000,0.0100910804753
35890000000,0.00892062753782
35959000000,-0.0143005463135
35996000000,-0.0243495390967
36018000000,-0.000754760813967
36040000000,0.0161642670536
36095000000,-0.00223494703093
36137000000,-0.0281738025243
36180000000,-0.0170781835911
36237000000,0.0199692270771
36259000000,0.0287921151904
36279000000,-0.00507442012656
36316000000,-0.0186530484613
36362000000,0.00931965352875
36396000000,0.032381060452
36435000000,0.0115470891172
36473000000,-0.02355397724
36515000000,-0.0164930550017
36551000000,0.0240891682905
36606000000,0.031305620918
36644000000,-0.0151838184216
36695000000,-0.0438879552524
36750000000,-0.00413644901124
36792000000,0.0533870382215
36832000000,0.0332772083901
36881000000,-0.04397671594
36919000000,-0.0561336905278
36957000000,0.0238663094722
37004000000,0.065617178135
37053000000,-0.00683990810569
37087000000,-0.0789368961155
37132000000,-0.0250337325942
37174000000,0.0549662674058
37219000000,0.0470162711724
37267000000,-0.0329837288276
37314000000,-0.0714257826098
37361000000,-0.000359952300336
37398000000,0.0734738322489
37448000000,0.0211172164507
37501000000,-0.0588827835493
37537000000,-0.0487153205997
37593000000,0.0312846794003
37645000000,0.0648618948318
37692000000,-0.0115242890449
37722000000,-0.0746117542514
37767000000,-0.00842177563965
37812000000,0.0715782243603
37860000000,0.0327008445268
37913000000,-0.0472991554732
37957000000,-0.0546471187932
38005000000,0.0253528812068
38034000000,0.064503457088
38055000000,-0.00141363689509
38096000000,-0.0431232380839
38131000000,0.00774675034317
38176000000,0.0565541000131
38230000000,0.0126150592628
38289000000,-0.0629136931538
38313000000,-0.0332436572472
38350000000,0.0467563427528
38388000000,0.0411250656389
38440000000,-0.0329775125632
38488000000,-0.0568731512727
38532000000,0.015749417847
38553000000,0.0543854001189
38600000000,-0.00106055078208
38640000000,-0.0541814680807
38697000000,-0.0129328680792
38751000000,0.0636250951112
38793000000,0.0401793804997
38827000000,-0.0398206195003
38878000000,-0.0426159205657
38909000000,0.0373840794343
38955000000,0.0581142581479
39002000000,-0.0218857418521
39062000000,-0.0729310103867
39118000000,0.00368910082056
39167000000,0.0836891008206
39208000000,0.0255405488485
39250000000,-0.0544594511515
39296000000,-0.0344407197838
39343000000,0.0422671080741
39398000000,0.0477716261241
39436000000,-0.031853220615
39468000000,-0.0666139753902
39517000000,0.00952840273182
39546000000,0.0655662063271
39584000000,0.00221321900078
39624000000,-0.0695240971924
39656000000,-0.0220225015304
39670000000,0.0518139067014
39695000000,0.0141129291878
39735000000,-0.0455225240079
39769000000,-0.0217490150495
39814000000,0.0327862796174
39846000000,0.0275203133572
39854000000,-0.0227933261511
39877000000,-0.0261539208357
39911000000,0.0326175867499
39948000000,0.0430799172578
39980000000,-0.0102308432603
40028000000,-0.0313662418787
40053000000,0.0105861083213
40086000000,0.0349506592324
40120000000,-0.000447098085907
40148000000,-0.0318961400627
40163000000,-0.00195720592992
40242000000,0.0239460514194
40285000000,0.00989947085423
40330000000,-0.0240987400158
40343000000,-0.0195818796441
40373000000,-0.0467547365755
40405000000,0.0103566246094
40440000000,0.0535899422008
40487000000,-0.00278278093008
40527000000,-0.0553468043163
40561000000,-0.0191032241273
40586000000,0.0450782948279
40618000000,0.0183147556116
40654000000,-0.0490150779312
40687000000,-0.0379801903244
40726000000,0.0294132286571
40753000000,0.0406187134819
40790000000,-0.0205424471951
40821000000,-0.0457520982827
40861000000,0.0153698922701
40894000000,0.0587250009997
40930000000,0.00616760508881
40967000000,-0.0517045971726
41001000000,-0.0127429131321
41041000000,0.0583910108686
41083000000,0.0319738547463
41111000000,-0.0480261452537
41165000000,-0.0434256098768
41202000000,0.0365743901232
41232000000,0.0511047042319
41270000000,-0.0282805169245
41318000000,-0.0605411141644
41361000000,0.0194588858356
41391000000,0.072072814735
41446000000,-0.00419686871209
41475000000,-0.0815531657089
41526000000,-0.0157069027337
41559000000,0.0642930972663
41598000000,0.027820340864
41638000000,-0.052179659136
41671000000,-0.0334869758143
41713000000,0.0465130241857
41744000000,0.0442672042969
41788000000,-0.0352705337309
41832000000,-0.0539309959575
41871000000,0.0216274146765
41915000000,0.0556737365515
41960000000,-0.012077948322
41998000000,-0.0626005454392
42034000000,-0.00360683687199
42080000000,0.0609112381846
42120000000,0.0111661240265
42166000000,-0.0617220228844
42198000000,-0.0279707600949
42245000000,0.0506078357085
42299000000,0.039315382079
42331000000,-0.040684617921
42371000000,-0.0502061782459
42407000000,0.0266499725813
42454000000,0.0526697028693
42504000000,-0.0129822615646
42547000000,-0.0522989979861
42594000000,0.00352128690377
42627000000,0.0599905861521
42631000000,0.0131523683796
42719000000,-0.0541308083113
42765000000,-0.0163819100789
42805000000,0.0519878301667
42831000000,0.0316360293121
42886000000,-0.0389982666674
42907000000,-0.0414853296125
42981000000,0.0304824177207
43022000000,0.0552299671935
43065000000,-0.0160598798549
43090000000,-0.0581063946579
43135000000,0.00451505953867
43181000000,0.0664757956594
43219000000,0.0114856250095
43258000000,-0.0655775618494
43315000000,-0.02624120653
43355000000,0.0535664518002
43399000000,0.0470925570225
43444000000,-0.0329074429775
43484000000,-0.0536625526792
43547000000,0.0223336531658
43583000000,0.0799698816061
43641000000,0.0149661152533
43681000000,-0.0650338847467
43728000000,-0.0381389315001
43754000000,0.0418610684999
43825000000,0.0454918708337
43876000000,-0.0345081291663
43917000000,-0.0752187261526
43963000000,0.00469482901622
44003000000,0.0731639637294
44043000000,0.00904362347548
44097000000,-0.0708883021641
44154000000,-0.024791234929
44204000000,0.055208765071
44254000000,0.0593444789201
44304000000,-0.0206555210799
44350000000,-0.0605101951828
44419000000,0.0121078931422
44477000000,0.0921078931422
44535000000,0.0291357502746
44590000000,-0.0508642497254
44658000000,-0.0693208476514
44742000000,0.0106791523486
44795000000,0.0906791523486
44845000000,0.0511348232776
44895000000,-0.0288651767224
44949000000,-0.0515710051085
45038000000,0.0168063761623
45120000000,0.092968599429
45184000000,0.0290074642312
45230000000,-0.0509925357688
45284000000,-0.0699242259643
45333000000,-0.00284080402079
45368000000,0.0502227401184
45405000000,-0.0038066589711
45456000000,-0.0566612164147
45497000000,-0.00123212937183
45540000000,0.0469352738277
45595000000,0.0114392743064
45635000000,-0.0490299506145
45668000000,-0.0263943564938
45718000000,0.0369033404645
45766000000,0.0294619122192
45811000000,-0.0332048365225
45860000000,-0.0415831892069
45909000000,0.0214670836971
45952000000,0.0523609789142
46000000000,-0.00191863880812
46058000000,-0.0464500515847
46116000000,-0.00319237363893
46174000000,0.0539438983949
46229000000,0.0300517426793
46276000000,-0.0455992805813
46313000000,-0.0425833280195
46354000000,0.0320095730413
46387000000,0.0436553108082
46419000000,-0.0236212970961
46450000000,-0.0484914635991
46507000000,0.0172675390475
46540000000,0.0575904552245
46578000000,-0.00253197266302
46631000000,-0.0473279057566
46685000000,-0.00345769925511
46715000000,0.0521093510086
46745000000,0.020299823387
46779000000,-0.0373809418831
46812000000,-0.0188666841332
46860000000,0.0408466436369
46903000000,0.0377613838148
46936000000,-0.0310027463442
46975000000,-0.0456124647638
47012000000,0.0174041406263
47048000000,0.0448364845144
47080000000,-0.0139326957737
47121000000,-0.0496303692043
47153000000,0.0025550743525
47191000000,0.0442235644124
47226000000,0.00560498084631
47258000000,-0.0431713260479
47292000000,-0.0116507204844
47334000000,0.0417641888024
47381000000,0.0185467284261
47421000000,-0.0373555067926
47458000000,-0.0274317070503
47489000000,0.0330148550923
47519000000,0.03100522081
47561000000,-0.0305623678608
47601000000,-0.0425650164142
47653000000,0.0199082967475
47688000000,0.0563156932416
47719000000,0.0049037059279
47764000000,-0.0408713775191
47799000000,-0.00783820317211
47842000000,0.0397122054605
47896000000,0.0190750299482
47936000000,-0.0388649944004
47970000000,-0.0333533307629
47999000000,0.0265439815029
48033000000,0.0310321471665
48075000000,-0.0311297908582
48117000000,-0.0594547596402
48153000000,0.00409679835106
48187000000,0.0552284364506
48231000000,0.00280268825005
48273000000,-0.0669728620923
48314000000,-0.0242604875129
48338000000,0.0557395124871
48372000000,0.0335179960997
48397000000,-0.0464820039003
48421000000,-0.0314516820171
48454000000,0.0385042482453
48479000000,0.0333793657914
48516000000,-0.0334643613413
48549000000,-0.042314639386
48602000000,0.0238716857179
48627000000,0.0446571580441
48667000000,-0.0103299101329
48707000000,-0.0493304038146
48745000000,-0.00356501976118
48791000000,0.0444508914158
48816000000,0.0120218108912
48848000000,-0.0352066335224
48886000000,-0.0160502261812
48922000000,0.0309801713512
48946000000,0.0282644533231
48986000000,-0.0195149947786
49032000000,-0.031072258805
49058000000,0.018083166579
49095000000,0.0371025600419
49133000000,0.00196778772187
49159000000,-0.0259390564487
49222000000,-0.000812365962985
49286000000,0.0456181609056
49331000000,0.0300620267253
49355000000,-0.0288459238772
49384000000,-0.0244114556012
49420000000,0.03245616978
49461000000,0.0379430489505
49504000000,-0.0254282759928
49534000000,-0.0549581407259
49561000000,0.00283382377421
49605000000,0.0422050617536
49633000000,0.000139307319573
49675000000,-0.0431904136447
49699000000,-0.012422056814
49747000000,0.0376129491144
49777000000,0.0213887940449
49810000000,-0.0348731994128
49842000000,-0.0289150615816
49873000000,0.0277963335993
49915000000,0.0333347255226
49947000000,-0.0264133141547
49983000000,-0.0476874172374
50009000000,0.00993489452166
50042000000,0.0430168758022
50083000000,-0.00720571699882
50124000000,-0.0557364673116
50163000000,-0.018286310872
50212000000,0.0436032114822
50259000000,0.0277039511258
50291000000,-0.0468006020533
50335000000,-0.0422550720436
50370000000,0.0377449279564
50408000000,0.0571263548028
50442000000,-0.0198692555824
50488000000,-0.0582326362293
50528000000,0.011298291792
50544000000,0.0707233666891
50591000000,0.0157633539646
50620000000,-0.0488754537891
50641000000,-0.00716783385447
50666000000,0.0490988147486
50700000000,0.0140350325437
50732000000,-0.0473167990612
50762000000,-0.0221549141979
50819000000,0.0429449971313
50854000000,0.0348841351047
50887000000,-0.0300053938517
50920000000,-0.0352044328286
50957000000,0.0253420520689
50999000000,0.0422738128193
51040000000,-0.0200773326256
51065000000,-0.0524026057684
51084000000,0.00189369919933
51120000000,0.03717323666
51147000000,-0.00572245337472
51177000000,-0.0405047586568
51205000000,-0.00985219760676
51231000000,0.0299111513512
51251000000,0.00968165903305
51272000000,-0.0305884233679
51305000000,-0.0147344600228
51344000000,0.0301207228835
51373000000,0.0274901340148
51394000000,-0.0151993718251
51431000000,-0.0182403608743
51466000000,0.0136725406427
51513000000,0.0243250061072
51533000000,-0.00229797378911
51568000000,-0.0160412876561
51606000000,0.00409409988811
51630000000,0.0207116487822
51668000000,0.00511267790087
51708000000,-0.0203465837733
51743000000,-0.0133442493216
51787000000,0.0139405434659
51823000000,0.01925814882
51857000000,-0.0039909970934
51899000000,-0.0169218291114
51935000000,0.00273818238374
51978000000,0.0234736603081
52014000000,0.00857300018533
52039000000,-0.0176623488128
52096000000,-0.0113896861496
52146000000,0.0227571140071
52193000000,0.0304811198153
52230000000,-0.0063103894548
52255000000,-0.0314623244446
52316000000,-0.00537957917185
52368000000,0.0412591242557
52420000000,0.033097937676
52472000000,-0.0310917402254
52532000000,-0.0540968076914
52575000000,0.0126720679127
52626000000,0.0673403339015
52657000000,0.0130001047165
52756000000,-0.0669998952835
52804000000,-0.0499085623147
52845000000,0.0300914376853
52923000000,0.0681211030387
52970000000,-0.0118788969613
53019000000,-0.0893734931716
53076000000,-0.0171092135559
53128000000,0.0628907864441
53168000000,0.0646393971505
53195000000,-0.0153606028495
53234000000,-0.0396335886975
53272000000,0.0278465711248
53315000000,0.0648817584291
53347000000,0.00105386666063
53394000000,-0.0527764565411
53420000000,-0.011236304784
53451000000,0.0387693364273
53478000000,0.0100393007617
53512000000,-0.0437745300867
53538000000,-0.025419116103
53573000000,0.0312995723579
53598000000,0.0221884154178
53627000000,-0.03005774181
53655000000,-0.0290474425235
53688000000,0.019383018392
53726000000,0.02703072736
53769000000,-0.0103871352504
53804000000,-0.0307671897006
53827000000,0.00412805049634
53896000000,0.0333761366361
53937000000,0.0023673869977
53965000000,-0.0376491735468
54000000000,-0.0132478852824
54041000000,0.0326566905839
54067000000,0.0266627229524
54081000000,-0.0162036293615
54123000000,-0.0180146809315
54158000000,0.0306310253866
54180000000,0.0393600336816
54205000000,-0.00685542713832
54243000000,-0.0214131927961
54257000000,0.0203863073955
54297000000,0.0373146644645
54322000000,-0.0117282618094
54366000000,-0.0375598339635
54408000000,0.0073925408784
54452000000,0.0471629480885
54495000000,0.00674760024738
54533000000,-0.0512394085692
54583000000,-0.0268982688589
54612000000,0.0475496773879
54651000000,0.0438866647708
54698000000,-0.0361133352292
54733000000,-0.063488720985
54782000000,0.0113749700765
54827000000,0.0710194088689
54864000000,0.0100099229818
54897000000,-0.0699900770182
54930000000,-0.030435773945
54959000000,0.049564226055
54995000000,0.033767335394
55043000000,-0.0375609733589
55076000000,-0.0450250881283
55139000000,0.023561995466
55192000000,0.0697969001123
55234000000,0.00128347940753
55288000000,-0.0731924605981
55345000000,-0.019937666199
55377000000,0.060062333801
55441000000,0.0529233409383
55476000000,-0.0270766590617
55537000000,-0.0614572007523
55583000000,0.0160927832058
55629000000,0.0802869341899
55660000000,0.0226226464251
55708000000,-0.0490503757846
55732000000,-0.0117999345718
55786000000,0.0549110578387
55812000000,0.0335666399674
55845000000,-0.0233480616656
55875000000,-0.0189715885716
55900000000,0.030620025556
55932000000,0.0309007026957
55967000000,-0.0118548698341
55995000000,-0.022735065525
56035000000,0.00176555789783
56061000000,0.0138669042618
56084000000,-0.00462965643411
56120000000,-0.0129735726529
56156000000,-0.00240896087917
56187000000,0.0076563729831
56232000000,0.00644059177179
56287000000,-0.014952956506
56339000000,-0.0140654952864
56375000000,0.00885441443781
56413000000,0.0146249411547
56446000000,-0.00610535655197
56495000000,-0.0169044789792
56539000000,0.000435654383561
56571000000,0.0179552886223
56603000000,0.00646171077667
56635000000,-0.0124525710955
56693000000,-0.00673843111051
56723000000,0.0227089610067
56746000000,0.0198319573248
56787000000,0.0351725308236
56821000000,-0.00850161953675
56849000000,-0.0509301820932
56882000000,-0.0089218465545
56922000000,0.0437974198646
56942000000,0.016970905054
56971000000,-0.0406094835857
56994000000,-0.0240816367029
57044000000,0.0341906247294
57108000000,0.0433840558407
57144000000,-0.0280266072084
57172000000,-0.065870358356
57210000000,0.002989354998
57284000000,0.0745185860436
57326000000,0.0205615797414
57371000000,-0.0594384202586
57412000000,-0.0474459949649
57455000000,0.0325540050351
57484000000,0.0593242447915
57525000000,-0.0130950390132
57559000000,-0.0636962569804
57594000000,-0.00448693652576
57642000000,0.0620571049096
57686000000,0.020512882248
57707000000,-0.0588720672244
57762000000,-0.0274051834431
57806000000,0.0525948165569
57853000000,0.0611762995483
57894000000,-0.0188237004517
57956000000,-0.0608866323289
57986000000,0.00996378161678
58056000000,0.065481827672
58122000000,-0.00357441311637
58160000000,-0.0835744131164
58217000000,-0.0520776686595
58263000000,0.0279223313405
58330000000,0.0664024384087
58374000000,-0.0103064486413
58422000000,-0.0716714464007
58470000000,-0.00378287847655
58520000000,0.0762171215235
58563000000,0.0305386023036
58634000000,-0.0494613976964
58663000000,-0.0540399291713
58722000000,0.0160520666691
58766000000,0.0548077320406
58808000000,-0.00681218576837
58850000000,-0.0560192432511
58899000000,-0.00457539731577
58952000000,0.0655698500958
59013000000,0.0251283425379
59062000000,-0.0548716574621
59107000000,-0.0590854467149
59152000000,0.0209145532851
59167000000,0.0554535717867
59222000000,-0.0108664781792
59261000000,-0.0659273740066
59301000000,-0.00706132298958
59328000000,0.0629064324767
59375000000,0.0177577977327
59435000000,-0.0622422022673
59452000000,-0.0449463432863
59485000000,0.026134154472
59522000000,0.0269322725133
59571000000,-0.0356260574499
59610000000,-0.0499210624498
59655000000,0.0162191962477
59695000000,0.052996175386
59738000000,-0.00360040017989
59759000000,-0.0559565550972
59810000000,-0.00607558763254
59841000000,0.0686317519717
59876000000,0.0275361392527
59935000000,-0.0524638607473
60005000000,-0.0402542501594
60054000000,0.0397457498406
60081000000,0.0848939678627
60131000000,0.0132124139398
60183000000,-0.0628031980922
60242000000,-0.0164775009837
60283000000,0.0635224990163
60298000000,0.051273669747
60342000000,-0.0182538394267
60396000000,-0.0327438304601
60442000000,0.0223396695358
60493000000,0.051521320882
60549000000,-0.00294871108677
60614000000,-0.0708207987965
60675000000,-0.0382798834653
60736000000,0.0417201165347
60782000000,0.0664384689583
60828000000,-0.0135615310417
60889000000,-0.0638357774754
60939000000,0.00296244460089
61003000000,0.0769361706272
61045000000,0.0176134302921
61098000000,-0.0623865697079
61137000000,-0.0428611019886
61208000000,0.0371388980114
61256000000,0.0667586853354
61300000000,-0.0132413146646
61358000000,-0.0653109147324
61397000000,0.00939949737345
61456000000,0.0674726882955
61507000000,0.00400976467443
61547000000,-0.0759902353256
61595000000,-0.0364529927785
61657000000,0.0435470072215
61727000000,0.0551944658984
61776000000,-0.0248055341016
61822000000,-0.0751938905147
61899000000,-0.00197737545388
61980000000,0.0780226245461
62065000000,0.0476366216524
62116000000,-0.0323633783476
62155000000,-0.103515304783
62196000000,-0.0501911910199
62244000000,0.0298088089801
62314000000,0.031865293366
62359000000,-0.048134706634
62405000000,-0.0668868173838
62460000000,0.0131131826162
62521000000,0.0808759551281
62579000000,0.0168840364083
62642000000,-0.0631159635917
62708000000,-0.0488506413688
62755000000,0.0311493586312
62786000000,0.0739828210648
62815000000,0.0128868121447
62863000000,-0.0374760174849
62938000000,0.00152545767611
62983000000,0.0815254576761
63029000000,0.0466146890288
63093000000,-0.0333853109712
63148000000,-0.0638578160778
63209000000,0.00391040782495
63230000000,0.0518131423526
63267000000,0.0187614735999
63310000000,-0.0386377109297
63384000000,-0.019603920692
63426000000,0.0572857219768
63461000000,0.0499043194036
63501000000,-0.0287760226609
63543000000,-0.0436545099252
63572000000,0.0302580556929
63624000000,0.0492985911707
63658000000,-0.0271125687428
63687000000,-0.0590903427623
63724000000,0.00459801811473
63774000000,0.0501974958206
63828000000,-0.00163244334767
63928000000,-0.0714683149689
63984000000,-0.036057927087
64062000000,0.043942072913
64110000000,0.0766122644353
64150000000,0.00149852947066
64185000000,-0.0517462221039
64234000000,0.0036153783237
64285000000,0.0686844503879
64317000000,0.0261603390709
64347000000,-0.0412391285225
64367000000,-0.0231233943616
64401000000,0.0269679034611
64431000000,0.0206524825414
64465000000,-0.0263143937564
64492000000,-0.0287002300739
64518000000,0.0102407589404
64549000000,0.0147639469758
64590000000,-0.0152631922142
64634000000,-0.0256285640306
64677000000,-0.00298049685858
64717000000,0.0154006473752
64752000000,-0.000959970556041
64786000000,-0.0210347013698
64827000000,-0.00721783613579
64869000000,0.0165088309222
64869000000,0.0101612214259
64926000000,-0.0134112522282
64988000000,-0.0122528244499
65017000000,0.0162257294247
65063000000,0.0196078468213
65088000000,-0.012836474685
65124000000,-0.0147718496378
65178000000,0.00836276101004
65214000000,0.0122536425046
65253000000,-0.0236677300527
65274000000,-0.0135278577923
65323000000,0.0232824301322
65342000000,0.0176605120873
65382000000,0.0451281744996
65431000000,-0.0167859237135
65456000000,-0.0845010791869
65498000000,-0.0247187482894
65548000000,0.0552812517106
65587000000,0.0371372096937
65621000000,-0.0406131839195
65649000000,-0.0431258522144
65689000000,0.0211865402464
65724000000,0.0466096596489
65790000000,-0.00639273305886
65842000000,-0.0592875787715
65887000000,-0.0199480067388
65928000000,0.0544063526081
65966000000,0.0259640859066
65976000000,-0.05027794914
66011000000,-0.0710270641864
66050000000,0.00897293581363
66081000000,0.0843617344825
66113000000,0.0043617344825
66166000000,-0.0301103905436
66220000000,-0.00935323808175
66263000000,0.049670680791
66319000000,0.0405597044396
66361000000,-0.0394402955604
66405000000,-0.0567839391116
66457000000,0.0167583270715
66496000000,0.0533175029295
66520000000,-0.00422735629296
66560000000,-0.045623804851
66589000000,-0.000297712813246
66635000000,0.0400303664737
66677000000,0.00391058468513
66718000000,-0.0470686565792
66779000000,-0.0207736918346
66820000000,0.0523644464949
66850000000,0.0349293711155
66873000000,-0.0289716610904
66913000000,-0.0167728367466
66938000000,0.0378127309922
66970000000,0.031460685517
66988000000,-0.0264609434435
67023000000,-0.022539905153
67076000000,0.0283985260264
67139000000,0.0365141394911
67193000000,-0.0230815873059
67248000000,-0.0588229765903
67288000000,-0.00428028997628
67328000000,0.0450815541237
67371000000,0.00108754166939
67406000000,-0.0559302974669
67437000000,-0.0274125547912
67462000000,0.0278709177187
67498000000,0.067195862203
67541000000,-0.012804137797
67584000000,-0.092804137797
67616000000,-0.0332671144594
67629000000,0.0467328855406
67658000000,0.00866741610986
67681000000,-0.0588875334976
67733000000,-0.0353648911745
67768000000,0.0446351088255
67804000000,0.0454548941958
67855000000,-0.0242428927384
67880000000,-0.051016305259
67927000000,0.012162011904
67967000000,0.057062097564
68024000000,0.00195693443042
68047000000,-0.0624827732966
68093000000,-0.0218014585052
68132000000,0.0496986435001
68165000000,0.0246203182577
68207000000,-0.0476200111698
68245000000,-0.0396741362603
68294000000,0.0385920494842
68328000000,0.0640260042327
68355000000,-0.0159739957673
68399000000,-0.0568126460766
68456000000,0.0176218606917
68486000000,0.0833493252017
68528000000,0.0204878719269
68549000000,-0.0595121280731
68592000000,-0.0245007993526
68618000000,0.0552655866671
68659000000,0.0306843938107
68682000000,-0.0493156061893
68714000000,-0.0782548829587
68735000000,0.00174511704128
68750000000,0.0569945615295
68774000000,-0.00923434991597
68801000000,-0.0598071592453
68832000000,-0.00815615908661
68871000000,0.0396768667522
68905000000,0.00162630888262
68925000000,-0.0465937879286
68960000000,-0.0149848686159
69001000000,0.0413558325143
69035000000,0.0201944866052
69045000000,-0.0379219734506
69082000000,-0.0358237760775
69126000000,0.0342197874013
69177000000,0.0523597550367
69215000000,-0.00995597660976
69262000000,-0.0447215724212
69301000000,0.00653716029997
69340000000,0.0484112087917
69371000000,0.0023091567224
69408000000,-0.0498232323444
69451000000,-0.0146089838087
69488000000,0.0495732897543
69523000000,0.0229225151881
69567000000,-0.0454360226985
69607000000,-0.0416333175563
69625000000,0.0340378412465
69679000000,0.0468249900842
69712000000,-0.0320814078726
69756000000,-0.063545402931
69814000000,0.0140142431963
69865000000,0.0776079007086
69906000000,0.00621876685329
69936000000,-0.0737812331467
69967000000,-0.0215953294799
70009000000,0.0584046705201
70054000000,0.0363978571238
70075000000,-0.0436021428762
70105000000,-0.0398035988656
70141000000,0.0382459973132
70177000000,0.0480809580076
70200000000,-0.0301901258045
70239000000,-0.0425159460864
70273000000,0.0279028860931
70303000000,0.0471288056766
70336000000,-0.0123678689355
70364000000,-0.040799898904
70397000000,0.00641718738722
70421000000,0.0391963765699
70451000000,0.00251744211497
70482000000,-0.0320343458502
70506000000,-0.00283662489047
70537000000,0.0280144216959
70570000000,0.00506983025739
70602000000,-0.0280307742592
70622000000,-0.0125340353997
70646000000,0.0189224961599
70671000000,0.00715574979837
70694000000,-0.0222974211246
70723000000,-0.0130701465401
70750000000,0.0147502143002
70781000000,0.0110926385961
70812000000,-0.0172853955442
70845000000,-0.0182583252662
70874000000,0.0105901888745
70905000000,0.0174165169162
70933000000,-0.00831869169909
70959000000,-0.0193196733648
70988000000,0.00448062326396
71017000000,0.0201282564768
71047000000,0.000846247618013
71084000000,-0.0198904733299
71144000000,-0.00433816346805
71207000000,0.0281860127941
71254000000,0.0257213764531
71297000000,-0.0154539449975
71318000000,-0.029465666764
71374000000,0.009167674537
71406000000,0.040624250638
71443000000,0.00836853210665
71481000000,-0.0396649670859
71517000000,-0.019162935661
71552000000,0.0389705803336
71576000000,0.0322028571423
71637000000,-0.0291523537122
71675000000,-0.0520253770838
71725000000,0.00904524077195
71774000000,0.0648635867813
71816000000,0.0158825574527
71851000000,-0.0641174425473
71902000000,-0.0327870054694
71942000000,0.0472129945306
71974000000,0.0645834101559
72012000000,-0.0154165898441
72048000000,-0.0544453039341
72085000000,0.0082885260069
72118000000,0.0631977644917
72166000000,0.0167664514311
72193000000,-0.063055420414
72215000000,-0.035078046783
72230000000,0.044921953217
72255000000,0.0240742108891
72295000000,-0.0411364263806
72338000000,-0.0352234567981
72380000000,0.0219027750473
72410000000,0.0339707289168
72447000000,-0.0117529219607
72474000000,-0.0328092889855
72502000000,0.0136415174177
72548000000,0.0427152594919
72592000000,-0.0008747508591
72628000000,-0.0423037467478
72670000000,-0.00796944243853
72710000000,0.0448319166727
72748000000,0.0179385375663
72785000000,-0.0417812818566
72819000000,-0.0325950481308
72861000000,0.0461782612681
72896000000,0.0655841314895
72921000000,-0.0144158685105
72971000000,-0.0774502898453
73005000000,-0.00671975655111
73052000000,0.0732802434489
73083000000,0.017286283132
73115000000,-0.062713716868
73163000000,-0.0298218966551
73186000000,0.0501781033449
73222000000,0.0536832883382
73271000000,-0.0117283962627
73296000000,-0.0390182978469
73325000000,0.0209891573155
73354000000,0.0495206930633
73380000000,-0.00225322598156
73405000000,-0.0362752309095
73434000000,0.0163582710147
73490000000,-0.0205785478966
73511000000,-0.00497122498596
73525000000,0.031678436205
73568000000,0.0139845264583
73628000000,-0.0288619044308
73680000000,-0.0319713303509
73709000000,0.0170452615417
73739000000,0.0259136295143
73777000000,-0.0281922021335
73866000000,-0.0375576366188
73892000000,0.0351816483441
73909000000,0.0502452954869
73955000000,-0.0108017644859
73996000000,-0.0429143859238
74013000000,0.00552037056136
74045000000,-0.0156086894608
74082000000,-0.00567770140385
74113000000,0.0375613565391
74134000000,0.00900430487896
74172000000,-0.0169867077019
74192000000,0.00160096311269
74216000000,0.0323795146135
74268000000,0.00233281138084
74309000000,-0.0274364815284
74344000000,0.00404536084604
74384000000,0.0261364346623
74418000000,0.000693760239544
74463000000,-0.0267555248753
74495000000,-0.0107185945065
74546000000,0.0218471789252
74575000000,0.0221804990741
74630000000,-0.0176238205019
74659000000,-0.0317155856962
74708000000,0.00887751877709
74752000000,0.0382110187538
74806000000,0.00226323823481
74829000000,-0.0405527132538
74866000000,-0.0072178031259
74907000000,0.0400084593945
74937000000,0.016915165655
74972000000,-0.0351957665351
75001000000,-0.0234079443404
75027000000,0.0322502665685
75055000000,0.0298237789736
75086000000,-0.0260158504032
75118000000,-0.0370063250585
75151000000,0.0165842048091
75186000000,0.0425599374467
75209000000,-0.00249592462727
75239000000,-0.0356654951112
75275000000,0.00217766104521
75304000000,0.0464872931845
75345000000,0.0163858135821
75406000000,-0.0448560266431
75450000000,-0.0371578473978
75482000000,0.0360665384228
75503000000,0.0470000471073
75535000000,-0.0229919210037
75577000000,-0.0508934634631
75616000000,0.0194100601572
75649000000,0.0656176235939
75683000000,0.000401844356666
75717000000,-0.0614268322488
75754000000,-0.0029962550673
75802000000,0.0680161328452
75842000000,0.0221159520355
75877000000,-0.0578840479645
75917000000,-0.0368354666938
75927000000,0.0431645333062
75964000000,0.068874206424
75997000000,-0.011125793576
76038000000,-0.0873494828987
76080000000,-0.0214116171572
76110000000,0.0585883828428
76154000000,0.0370267483095
76193000000,-0.0429732516905
76223000000,-0.0520137025136
76244000000,0.0212996488267
76287000000,0.036817296904
76315000000,-0.0211125364491
76347000000,-0.0410274299415
76376000000,0.00570513398566
76426000000,0.0327876939802
76454000000,0.00217178875411
76500000000,-0.0263620704864
76541000000,-0.00871533793948
76589000000,0.0286435672526
76632000000,0.0131298240025
76676000000,-0.0243727459506
76702000000,-0.0237133402152
76735000000,0.0229205003951
76766000000,0.0322354573942
76798000000,-0.013021310604
76832000000,-0.0305034659415
76865000000,0.00734504748766
76879000000,0.0312870402538
76909000000,-0.00802957381482
76972000000,-0.0313929865263
77025000000,0.00762197667417
77072000000,0.0469879298225
77111000000,0.0159815910988
77173000000,-0.0347191870533
77229000000,-0.0219290694452
77283000000,0.0381299928572
77333000000,0.0483707717214
77390000000,-0.0316292282786
77433000000,-0.0749237353771
77469000000,0.00507626462293
77492000000,0.0765304506073
77549000000,0.0061242157177
77597000000,-0.0738757842823
77638000000,-0.0492984019612
77683000000,0.0307015980388
77729000000,0.0560452241076
77778000000,-0.0197788992849
77800000000,-0.0675921416729
77827000000,-0.00167078941669
77867000000,0.0476669729721
77905000000,-0.00397047674249
77935000000,-0.0595553873872
77983000000,-0.0186340789097
78028000000,0.0606576233394
78082000000,0.0405356695956
78125000000,-0.0394643304044
78167000000,-0.0606078253147
78210000000,0.0155576143577
78241000000,0.0638415354497
78280000000,-0.00294506558397
78323000000,-0.0648139642955
78354000000,-0.00902435489326
78414000000,0.0645731078108
78467000000,0.0231518371893
78518000000,-0.0568481628107
78563000000,-0.0694635964408
78603000000,0.0105364035592
78649000000,0.0564428207919
78694000000,-0.0116538880116
78739000000,-0.0713964288228
78782000000,-0.00629901779579
78819000000,0.0737009822042
78859000000,0.0262803609037
78886000000,-0.0537196390963
78926000000,-0.031180384852
78953000000,0.048819615148
78971000000,0.0403748125507
79002000000,-0.0266371348984
79031000000,-0.0277371164871
79052000000,0.0330229400716
79087000000,0.0355111090043
79118000000,-0.0237286641457
79148000000,-0.0376384510006
79178000000,0.0123257999888
79206000000,0.0307955170356
79242000000,-0.0180038352245
79275000000,-0.0393288857876
79305000000,0.00400650960207
79338000000,0.0306842356589
79377000000,-0.0108578413614
79425000000,-0.0354940339987
79475000000,0.00486380196392
79510000000,0.0438999345901
79556000000,0.00922472086197
79599000000,-0.0433935219596
79638000000,-0.0141008442526
79691000000,0.0434549724158
79720000000,0.0254882315085
79780000000,-0.0339428695166
79810000000,-0.0317619690298
79847000000,0.0339570496998
79881000000,0.0461798369563
79909000000,-0.0206991478125
79942000000,-0.0433516351785
79985000000,0.0227259234025
80017000000,0.0621787596921
80049000000,-0.00334326964968
80098000000,-0.055953745385
80143000000,0.00173569005908
80170000000,0.0681637010752
80196000000,0.0197465929095
80223000000,-0.0496644607225
80255000000,-0.0127355596186
80295000000,0.0569759815418
80321000000,0.0353983634549
80351000000,-0.0307851753758
80374000000,-0.0236732279378
80392000000,0.0383721753894
80426000000,0.0356271345926
80460000000,-0.0295800947338
80484000000,-0.0511442986772
80517000000,0.0184532405207
80597000000,0.0562851985837
80656000000,-0.0181599036958
80694000000,-0.0981599036958
80740000000,-0.0273028922598
80782000000,0.0526971077402
80819000000,0.0391911856501
80873000000,-0.0406747051464
80898000000,-0.056340862995
80924000000,0.0199615632602
80950000000,0.0430289380242
80995000000,-0.0213482746032
81013000000,-0.0581701407551
81034000000,0.00123933534494
81075000000,0.0370478493085
81105000000,-0.0119440996172
81136000000,-0.0474443067245
81173000000,-0.00619696150614
81209000000,0.038816538276
81256000000,0.0149460183784
81297000000,-0.0356911649128
81348000000,-0.0262387352651
81381000000,0.0318193083354
81433000000,0.0332295763637
81468000000,-0.0287660756928
81514000000,-0.0402258227526
81547000000,0.0209746299184
81595000000,0.0449303375062
81645000000,-0.0110477387801
81684000000,-0.0502224560094
81744000000,-0.00329286342269
81781000000,0.0678960566494
81812000000,0.0334760211401
81843000000,-0.0435254201127
81871000000,-0.0200254890233
81908000000,0.0560951392788
81999000000,0.0436342779402
82056000000,-0.0363657220598
82115000000,-0.115907457045
82161000000,-0.0410510763295
82185000000,0.0389489236705
82226000000,0.026909924332
82272000000,-0.0449918140308
82317000000,-0.0486325177801
82357000000,0.0313674822199
82382000000,0.0594983473261
82418000000,-0.00960110926915
82466000000,-0.0454360883998
82507000000,0.0155970397139
82538000000,0.0669549928909
82586000000,0.0120906265939
82625000000,-0.0522760287768
82662000000,-0.0140786882313
82697000000,0.0527017583826
82732000000,0.0295487144196
82767000000,-0.0391244134019
82792000000,-0.0300133464329
82823000000,0.0351344339091
82863000000,0.0353367281034
82895000000,-0.035952367542
82924000000,-0.0460106016299
82949000000,0.0232240335059
82985000000,0.0406302833406
83015000000,-0.0186054026814
83046000000,-0.0383867619086
83064000000,0.0147831213517
83110000000,0.0327584344709
83139000000,-0.0102453149364
83177000000,-0.0317972361683
83234000000,0.00445372713808
83284000000,0.0447447442739
83329000000,0.0161037342579
83344000000,-0.0385375753564
83370000000,-0.0163219951125
83391000000,0.0378430518753
83411000000,0.019772891161
83444000000,-0.0308506079725
83482000000,-0.0216948124267
83527000000,0.0333930643562
83575000000,0.0387248244428
83634000000,-0.0260474401928
83674000000,-0.0596052037664
83712000000,0.00273241809017
83750000000,0.0547681204269
83783000000,0.0012647404951
83830000000,-0.0586583331238
83869000000,-0.0164045466248
83902000000,0.0604428496181
83932000000,0.0332453921396
83974000000,-0.0457015006774
84009000000,-0.037417520614
84049000000,0.042582479386
84086000000,0.0597075291251
84127000000,-0.0202924708749
84163000000,-0.0717109728499
84185000000,-0.000212478435898
84227000000,0.0522679232812
84255000000,-0.00358435057338
84283000000,-0.0547503557875
84326000000,-0.0131986200093
84358000000,0.047284588846
84402000000,0.0178249240269
84440000000,-0.0534277931399
84476000000,-0.0354418155098
84521000000,0.0397252717749
84576000000,0.043624906643
84611000000,-0.036375093357
84656000000,-0.0541549627408
84675000000,0.0243899679972
84695000000,0.0476233129676
84749000000,-0.0119371541058
84769000000,-0.0615981441513
84799000000,-0.0076580133247
84829000000,0.0538583679572
84859000000,0.00692212003574
84914000000,-0.0562132801596
84963000000,-0.0228148812842
84988000000,0.0561417771371
85046000000,0.0362524499078
85097000000,-0.0437475500922
85143000000,-0.0693270103849
85177000000,0.0106729896151
85222000000,0.0542911637214
85253000000,-0.00905913639244
85278000000,-0.0550723323037
85309000000,-0.00138513408044
85356000000,0.0551221644073
85393000000,0.02396247225
85445000000,-0.0404660097135
85488000000,-0.0304969483149
85521000000,0.0390369075503
85573000000,0.044959595329
85611000000,-0.035040404671
85637000000,-0.0585458275274
85663000000,0.0149653662037
85725000000,0.0510190119487
85766000000,-0.0204082251148
85811000000,-0.0719433703084
85863000000,-0.00306642900196
85913000000,0.076933570998
85955000000,0.0326501583312
86005000000,-0.0473498416688
86059000000,-0.0445592550324
86116000000,0.0354407449676
86167000000,0.0757166330146
86217000000,-0.00428336698536
86273000000,-0.0842833669854
86329000000,-0.0220620788507
86362000000,0.0579379211493
86406000000,0.0566760956333
86441000000,-0.0216267479212
86487000000,-0.0453963161448
86520000000,0.0259432189106
86554000000,0.0638610089995
86600000000,-0.00533474303583
86645000000,-0.0622843423944
86677000000,-0.00883409569424
86720000000,0.0608702172928
86758000000,0.0197373603953
86796000000,-0.0581114920681
86838000000,-0.0315758961715
86876000000,0.0440710110092
86935000000,0.0354406290118
86981000000,-0.0445593709882
87017000000,-0.0708154128546
87064000000,0.00791427200905
87106000000,0.0570260897156
87143000000,-0.000203244249085
87204000000,-0.0643014641266
87235000000,-0.0157867210438
87266000000,0.0642132789562
87311000000,0.0308346972739
87342000000,-0.0491653027261
87392000000,-0.0362709778249
87431000000,0.0437290221751
87503000000,0.0586191050757
87517000000,-0.0213808949243
87579000000,-0.0594622434141
87649000000,0.0127642280196
87674000000,0.0726046241757
87722000000,0.0102859686668
87773000000,-0.0697140313332
87809000000,-0.0291747139351
87839000000,0.0507407894248
87877000000,0.0341275269117
87928000000,-0.0458724730883
87972000000,-0.0526871140682
88014000000,0.0273128859318
88059000000,0.0552359987467
88096000000,-0.0152709471003
88140000000,-0.0540200353156
88178000000,0.00433089602025
88229000000,0.0534260266232
88270000000,0.00742558110484
88298000000,-0.047837167873
