%time,field
14106000000,0.000743853702911
14144000000,5.49953747798e-05
14186000000,-0.000290444016797
14218000000,-0.000826590309733
14246000000,-0.00113911152381
14273000000,-0.00135758442173
14302000000,-0.00141825827957
14337000000,-6.00449515444e-05
14374000000,-0.000176327774978
14409000000,-0.000200004347655
14445000000,-0.000197264796891
14475000000,-0.000185902989335
14509000000,-1.19508160197e-05
14543000000,3.47895946027e-05
14585000000,9.89114790117e-05
14624000000,-0.00010981040858
14661000000,-8.50200058719e-05
14703000000,-7.48919479005e-05
14740000000,-6.50814555444e-05
14780000000,-5.46465562547e-05
14819000000,-4.05893635639e-05
14851000000,-2.4771322749e-05
14891000000,-7.88488367627e-06
14927000000,1.03125372837e-05
14968000000,2.94756619508e-05
15007000000,5.24296674168e-05
15046000000,7.28757631373e-05
15084000000,9.28554252279e-05
15121000000,0.000109918530873
15149000000,0.000125064188479
15185000000,0.000133045295847
15225000000,0.000140814058409
15264000000,0.000142611859997
15302000000,0.000139752767537
15338000000,0.000128466036491
15370000000,0.000113801298463
15409000000,8.89119192001e-05
15446000000,6.17102238992e-05
15485000000,-0.00031548677338
15521000000,-0.0003897708606
15558000000,-0.0005860740087
15596000000,-0.00057255607138
15633000000,-0.000567607048493
15673000000,-0.000400078529752
15708000000,-0.000231518598071
15735000000,-0.000217312966273
15768000000,-0.000194824258626
15798000000,0.000320047340559
15835000000,0.000388455164552
15877000000,0.000662093328151
15911000000,0.000613816584578
15952000000,0.00010816591673
15993000000,0.000153654437724
16033000000,0.000150296685636
16075000000,0.000129411913041
16116000000,0.000100075653688
16150000000,-0.000259413552595
16193000000,-0.00035382915176
16233000000,-0.000517799402044
16273000000,-0.000542228171045
16311000000,-0.000149621664584
16351000000,-0.0001837489343
16391000000,-0.000181983668275
16428000000,-0.000168023735918
16469000000,-0.000147697262062
16509000000,0.000141967056173
16550000000,0.000213061877955
16591000000,0.000366420196606
16632000000,0.000349465144431
16677000000,4.87305633078e-05
16710000000,6.79336630335e-05
16743000000,5.57995582224e-05
16781000000,3.50026924907e-05
16822000000,-0.000267608589116
16862000000,-0.000368287912158
16902000000,-0.000499163213179
16942000000,-0.000525405165123
16981000000,-0.000181760380312
17013000000,-0.000211680186342
17053000000,-0.000208356208364
17095000000,-0.000194445120545
17137000000,-0.000172918220511
17179000000,-0.000144367179403
17214000000,-0.000111123702116
17256000000,-7.2000351044e-05
17267000000,-2.82313053317e-05
17319000000,8.06942873994e-06
17364000000,5.66201469853e-05
17405000000,0.000111284608499
17445000000,0.000166682071288
17484000000,0.0002182496822
17524000000,0.000259620206261
17565000000,0.000294708628585
17604000000,0.000317048833938
17643000000,0.000327290409889
17683000000,0.000322129083459
17720000000,0.000301602427769
17760000000,0.000267963980803
17798000000,-0.00034245173003
17837000000,-0.000516743384275
17876000000,-0.000901269123982
17916000000,-0.000961658902232
17956000000,-0.00100962884851
17996000000,-0.000272442456753
18035000000,-0.000321161564353
18075000000,-0.000299226034108
18116000000,0.000251921529416
18150000000,0.000386801482917
18190000000,0.000685521405433
18232000000,0.000671824130549
18272000000,7.05176614046e-05
18303000000,0.000123112352628
18340000000,0.000126156629318
18378000000,0.000112140280427
18418000000,8.96380754085e-05
18459000000,5.81960038885e-05
18500000000,-0.00028202345857
18539000000,-0.000368508426282
18577000000,-0.00050878103002
18616000000,-0.000508773144703
18656000000,-0.000168750963368
18696000000,-0.000195964705331
18736000000,-0.000189396191383
18777000000,-0.000169968831729
18817000000,0.000109914758432
18859000000,0.000216611890523
18897000000,0.000348895965626
18938000000,0.000391995296856
18978000000,0.000368143227772
19018000000,7.34121642574e-05
19060000000,8.684631156e-05
19099000000,-0.000127282061007
19139000000,-0.000184112532971
19185000000,-0.000333212820325
19217000000,-0.000323828034616
19256000000,-0.000352113156202
19294000000,-9.57684479906e-05
19338000000,-0.000108877316617
19380000000,-9.6883265955e-05
19417000000,0.000108446582884
19459000000,0.000153363480122
19495000000,0.000254293726799
19525000000,0.000237030686055
19555000000,0.000240560148128
19586000000,4.31778544505e-05
19623000000,5.10632151172e-05
19662000000,4.46812519166e-05
19695000000,3.033713898e-05
19733000000,-0.000148856902678
19774000000,-0.000205690431195
19813000000,-0.000279476351103
19856000000,-0.000281961402087
19898000000,-9.37259580852e-05
19939000000,-0.000109567400561
19981000000,-0.000105726798645
20016000000,-9.49492386198e-05
20056000000,-8.10081063378e-05
20093000000,-6.36014597044e-05
20133000000,0.000123567566965
20173000000,0.000178777576587
20212000000,0.000255246453434
20251000000,0.000253875893541
20293000000,6.22962381909e-05
20334000000,7.55836484191e-05
20370000000,6.8189016672e-05
20409000000,-9.31381074401e-05
20451000000,-0.000132227027775
20491000000,-0.000249837993528
20532000000,-0.000238123036734
20572000000,-0.000271473425866
20610000000,-7.22867247425e-05
20644000000,-8.38252760683e-05
20685000000,-7.76995994847e-05
20723000000,-6.73319560916e-05
20763000000,7.75143612078e-05
20806000000,0.000111226290538
20847000000,0.000164541154756
20888000000,6.19736900741e-06
20926000000,2.37775170824e-05
20961000000,2.75842795064e-05
20995000000,2.66034461512e-05
21042000000,2.40811324614e-05
21083000000,1.83828700373e-05
21123000000,1.17106669334e-05
21163000000,1.61380809267e-06
21202000000,-0.00011297256949
21239000000,-0.000126741183805
21277000000,-0.000193774244225
21316000000,-0.000175205341022
21354000000,-7.19504894849e-05
21393000000,-8.19564270729e-05
21433000000,-8.12139393148e-05
21469000000,-7.71623557533e-05
21501000000,-7.13167188632e-05
21536000000,2.4541384475e-05
21575000000,3.04778101579e-05
21616000000,9.15608986112e-05
21655000000,6.790856191e-05
21695000000,-1.38674503687e-05
21755000000,-5.43531685981e-06
21782000000,-3.96218755214e-06
21816000000,-6.48609716783e-06
21854000000,-8.20292288782e-06
21894000000,-1.22040501007e-05
21934000000,-1.55270786565e-05
21979000000,-4.91197787216e-05
22011000000,-8.29563043391e-05
22039000000,-7.41189208851e-05
22066000000,-0.000102459142305
22095000000,-4.23297572877e-05
22124000000,-4.63552611566e-05
22152000000,-4.79494941192e-05
22175000000,-4.85098437881e-05
22227000000,0.0415159498901
22257000000,0.0176129749525
22276000000,-0.0272573110809
22313000000,-0.0399874250208
22344000000,-0.0182363372356
22378000000,-0.00016629940394
22405000000,0.00823436808923
22433000000,0.00868645438669
22458000000,0.00232400331977
22473000000,-0.00205217050521
22511000000,0.000350466591833
22552000000,0.00650655745974
22581000000,0.00891080179716
22607000000,0.00574163091574
22642000000,0.000714671130869
22679000000,-0.000301384766738
22712000000,0.0025799912719
22734000000,0.00559462339959
22775000000,0.000398773148277
22814000000,-0.00454172077303
22860000000,0.00502761319875
22908000000,0.0118595538262
22926000000,-0.00879254007052
22949000000,-0.0076741531591
22973000000,0.00695169768801
23008000000,0.0150305726463
23036000000,-0.0129635427679
23056000000,-0.0141297671357
23101000000,0.00757839384261
23136000000,0.0125692609079
23159000000,-0.00552948930033
23189000000,-0.010312778971
23217000000,0.00950184959702
23236000000,0.00695895367387
23290000000,-0.0162783523986
23322000000,-0.0112505400434
23357000000,0.0132484902421
23411000000,0.0204641667011
23448000000,-0.0132570697959
23497000000,-0.0404057415309
23556000000,0.00537775121934
23601000000,0.0600191854285
23652000000,0.0209018410119
23698000000,-0.0590981589881
23753000000,-0.0387152177789
23780000000,0.0412847822211
23815000000,0.0559742664515
23853000000,-0.0141215225924
23889000000,-0.0495164782178
23915000000,0.00996235680503
23938000000,0.0459378123389
23975000000,-0.00568099582989
24007000000,-0.0492750317196
24043000000,-0.0121372134938
24079000000,0.0311664911327
24121000000,0.0122692989491
24140000000,-0.0342037920983
24185000000,-0.0228059124156
24218000000,0.026057964256
24270000000,0.0285589039017
24312000000,-0.0184243541778
24335000000,-0.0340608423893
24373000000,0.00553702596446
24416000000,0.0339814904517
24449000000,0.00665238468922
24484000000,-0.0302266982684
24519000000,-0.01284826671
24540000000,0.0307665435228
24571000000,0.0215007826552
24605000000,-0.0240741011457
24638000000,-0.0269356702963
24675000000,0.0214046193949
24705000000,0.0379601625879
24737000000,-0.00343363150996
24767000000,-0.0347086761733
24818000000,-0.00190042549923
24853000000,0.0450963752425
24878000000,0.0241582733242
24907000000,-0.0335555465053
24942000000,-0.0277402645595
24981000000,0.0367320083347
25015000000,0.0484105618776
25044000000,-0.0159925570554
25079000000,-0.0442555987838
25116000000,0.0128187812612
25149000000,0.0534790702378
25173000000,0.00335123694662
25238000000,-0.0448682054604
25273000000,0.00104776503075
25308000000,0.0548765267066
25337000000,0.0161895186804
25390000000,-0.046490743716
25423000000,-0.024113090732
25472000000,0.0476623132791
25529000000,0.0469641331207
25564000000,-0.0330358668793
25614000000,-0.0651356872628
25664000000,0.0132150537782
25729000000,0.0762614599544
25791000000,0.0066615106134
25851000000,-0.0733384893866
25904000000,-0.0602946362477
25945000000,0.0197053637523
26004000000,0.0532023612724
26056000000,-0.0141620508557
26095000000,-0.071767339333
26145000000,-0.00847548609444
26224000000,0.0715245139056
26279000000,0.040672214123
26311000000,-0.039327785877
26355000000,-0.0522273458409
26405000000,0.0209765076729
26475000000,0.0606742943927
26555000000,-0.0140627331519
26574000000,-0.0940627331519
26626000000,-0.0351102590615
26655000000,0.0448897409385
26701000000,0.0361499930241
26773000000,-0.0338374066542
26807000000,-0.0557635967336
26862000000,0.013267835437
26900000000,0.0636205553125
26953000000,0.00273152110259
26996000000,-0.0688892692833
27082000000,-0.0188448352867
27125000000,0.0611551647133
27151000000,0.0643826517067
27182000000,-0.0052333305577
27240000000,-0.0237774677319
27296000000,0.0295789224938
27337000000,0.0620402607883
27369000000,0.00139129895784
27436000000,-0.0408695238602
27468000000,-0.00255756115527
27502000000,0.0371663627945
27557000000,0.00516906918233
27627000000,-0.0582333752023
27666000000,-0.044220699224
27698000000,0.0243720709892
27746000000,0.0282679315176
27772000000,-0.0321146983841
27806000000,-0.0418492034802
27848000000,0.0152337036182
27866000000,0.0453954279057
27906000000,-0.00156385181204
27939000000,-0.0322740175082
27980000000,0.00668479061112
27994000000,0.047810468309
28038000000,0.0149052577117
28086000000,-0.0272688701396
28124000000,-0.00884308778831
28160000000,0.0320110405502
28170000000,0.0218852168925
28208000000,-0.0162518549061
28238000000,-0.0181700152356
28279000000,0.0150776919334
28310000000,0.0232350562634
28339000000,-0.0109075637279
28372000000,-0.0249970410943
28407000000,0.00594945143167
28437000000,0.0273892497447
28478000000,0.00130789863919
28518000000,-0.0333510231993
28563000000,-0.0160245413209
28610000000,0.0316796496882
28643000000,0.0307558168085
28682000000,-0.0183328879348
28721000000,-0.0330373302797
28748000000,0.0145647863891
28776000000,0.0394931419408
28823000000,-0.00273251662604
28871000000,-0.049384513367
28931000000,-0.0196234543327
28954000000,0.0565347878773
29009000000,0.0412736385283
29054000000,-0.0387263614717
29088000000,-0.0680530809097
29103000000,0.0113650846853
29118000000,0.0172120110972
29159000000,-0.0266523006547
29202000000,-0.0319846281746
29234000000,0.00756185058312
29273000000,0.0292442726241
29313000000,-0.0065434590151
29341000000,-0.037726597474
29384000000,-0.00451943180077
29416000000,0.041891826881
29458000000,0.0194539104617
29492000000,-0.0430057998327
29507000000,-0.0312679583693
29536000000,0.0254147802737
29568000000,0.0279762649702
29621000000,-0.0268538472165
29693000000,-0.0557092373051
29727000000,0.00944016475351
29773000000,0.057433041304
29813000000,0.000857644152177
29855000000,-0.0648564025383
29899000000,-0.0187409150697
29964000000,0.0612590849303
30006000000,0.0705861746788
30047000000,-0.00941382532121
30091000000,-0.0571501494447
30151000000,0.00897695235644
30182000000,0.0818911216577
30218000000,0.025789378185
30269000000,-0.054210621815
30330000000,-0.0352731086787
30375000000,0.0447268913213
30421000000,0.0630792723759
30446000000,-0.0169207276241
30493000000,-0.0462016737597
30547000000,0.020542490319
30583000000,0.0731599916618
30640000000,0.0159881770201
30678000000,-0.0640118229799
30705000000,-0.0420946789224
30761000000,0.0319939371131
30798000000,0.0391556730342
30843000000,-0.0367623589221
30895000000,-0.0621510670702
30947000000,0.0178489329298
31006000000,0.0828873927416
31033000000,0.0139284615832
31082000000,-0.0576388221046
31141000000,-0.0170122658892
31165000000,0.0629877341108
31190000000,0.0394609290455
31236000000,-0.0349535873081
31265000000,-0.0339449692456
31294000000,0.0233530770759
31318000000,0.0315990652204
31341000000,-0.0196405995337
31371000000,-0.0299455836938
31414000000,0.0139251250615
31443000000,0.0334171409746
31476000000,-0.00579134963269
31515000000,-0.0309426653205
31554000000,0.000453233545946
31601000000,0.0325146864188
31652000000,-0.00151476773571
31676000000,-0.0340144699261
31703000000,-0.00577483702047
31754000000,0.0291645304583
31779000000,0.00902072237002
31818000000,-0.0309207344208
31857000000,-0.0191225169254
31886000000,0.0221460877974
31914000000,0.018294385275
31940000000,-0.0201202676469
31988000000,-0.0229730020307
32025000000,0.0228117914954
32058000000,0.0392966328525
32095000000,-0.00354563881913
32137000000,-0.0319057742262
32188000000,0.00467357592216
32226000000,0.048255186196
32274000000,0.0205312489364
32336000000,-0.0402734987628
32359000000,-0.0401735052394
32407000000,0.0228099218938
32450000000,0.0433761367775
32491000000,-0.0194267440733
32535000000,-0.0576181980823
32571000000,0.00100446348132
32605000000,0.0546319464529
32666000000,0.0039196491095
32715000000,-0.0760803508905
32767000000,-0.0462501882793
32823000000,0.0337498117207
32884000000,0.0818713665563
32937000000,0.00315204843476
32997000000,-0.0768479515652
33046000000,-0.0320839448645
33096000000,0.0479160551355
33138000000,0.0551755535291
33186000000,-0.0100660878206
33217000000,-0.050424496594
33265000000,0.00443495734644
33291000000,0.0618136230712
33343000000,0.0130197445327
33379000000,-0.0650310744092
33405000000,-0.0310059449718
33444000000,0.0475776233114
33458000000,0.0254950884807
33498000000,-0.045462761525
33542000000,-0.0359853211068
33578000000,0.039625130033
33620000000,0.0440906431722
33659000000,-0.0171632344038
33685000000,-0.0395025375333
33715000000,0.00819546612404
33763000000,0.0394344736397
33787000000,-0.000737458519597
33826000000,-0.0322123675293
33855000000,-0.0040767596465
33898000000,0.0299947533736
33958000000,0.0118124831966
34025000000,-0.034675121429
34064000000,-0.0330307909588
34106000000,0.0162865748047
34143000000,0.0318422326472
34185000000,-0.0134090649974
34240000000,-0.041139975006
34286000000,0.00617149357304
34324000000,0.0502866248204
34358000000,0.0114149192213
34397000000,-0.0452569068124
34431000000,-0.0183125743763
34459000000,0.0475506232141
34486000000,0.0314534823139
34530000000,-0.0289687563525
34573000000,-0.0336272089264
34620000000,0.0227562688263
34655000000,0.0453333466924
34695000000,-0.00666926052143
34733000000,-0.046456411931
34777000000,0.000859619414469
34821000000,0.0628091805416
34864000000,0.0258510569952
34890000000,-0.0534609288886
34914000000,-0.0298213312827
34946000000,0.0413350657809
34983000000,0.0292089111155
35035000000,-0.043671057061
35060000000,-0.0562102537828
35097000000,0.00977649303423
35148000000,0.0375694545577
35207000000,-0.018666293123
35235000000,-0.068251378929
35256000000,-0.0205069136935
35286000000,0.0358459465906
35328000000,0.00617053465139
35375000000,-0.0440416232904
35410000000,-0.0262274882643
35459000000,0.022303609878
35500000000,0.0295527503937
35534000000,-0.0113326318921
35569000000,-0.0285127841539
35603000000,0.00521493638433
35651000000,0.0284682323278
35673000000,0.00274979985936
35719000000,-0.0219177834094
35746000000,-0.00418554862168
35802000000,0.0202642193048
35827000000,0.0115583537876
35855000000,-0.0100910804753
35890000000,-0.00892062753782
35959000000,0.0143005463135
35996000000,0.0243495390967
36020000000,0.000754760813967
36037000000,-0.0161642670536
36094000000,0.00223494703093
36134000000,0.0281738025243
36181000000,0.0170781835911
36236000000,-0.0199692270771
36259000000,-0.0287921151904
36279000000,0.00507442012656
36313000000,0.0186530484613
36358000000,-0.00931965352875
36398000000,-0.032381060452
36435000000,-0.0115470891172
36475000000,0.02355397724
36515000000,0.0164930550017
36549000000,-0.0240891682905
36623000000,-0.031305620918
36644000000,0.0151838184216
36694000000,0.0438879552524
36748000000,0.00413644901124
36792000000,-0.0533870382215
36832000000,-0.0332772083901
36889000000,0.04397671594
36923000000,0.0561336905278
36953000000,-0.0238663094722
37002000000,-0.065617178135
37050000000,0.00683990810569
37087000000,0.0789368961155
37134000000,0.0250337325942
37173000000,-0.0549662674058
37218000000,-0.0470162711724
37267000000,0.0329837288276
37309000000,0.0714257826098
37361000000,0.000359952300336
37398000000,-0.0734738322489
37446000000,-0.0211172164507
37496000000,0.0588827835493
37537000000,0.0487153205997
37592000000,-0.0312846794003
37645000000,-0.0648618948318
37693000000,0.0115242890449
37723000000,0.0746117542514
37767000000,0.00842177563965
37811000000,-0.0715782243603
37858000000,-0.0327008445268
37908000000,0.0472991554732
37958000000,0.0546471187932
38005000000,-0.0253528812068
38038000000,-0.064503457088
38055000000,0.00141363689509
38094000000,0.0431232380839
38131000000,-0.00774675034317
38176000000,-0.0565541000131
38230000000,-0.0126150592628
38269000000,0.0629136931538
38315000000,0.0332436572472
38348000000,-0.0467563427528
38388000000,-0.0411250656389
38440000000,0.0329775125632
38489000000,0.0568731512727
38532000000,-0.015749417847
38555000000,-0.0543854001189
38599000000,0.00106055078208
38642000000,0.0541814680807
38698000000,0.0129328680792
38750000000,-0.0636250951112
38793000000,-0.0401793804997
38827000000,0.0398206195003
38873000000,0.0426159205657
38911000000,-0.0373840794343
38960000000,-0.0581142581479
38999000000,0.0218857418521
39067000000,0.0729310103867
39115000000,-0.00368910082056
39158000000,-0.0836891008206
39204000000,-0.0255405488485
39248000000,0.0544594511515
39293000000,0.0344407197838
39340000000,-0.0422671080741
39385000000,-0.0477716261241
39435000000,0.031853220615
39470000000,0.0666139753902
39517000000,-0.00952840273182
39545000000,-0.0655662063271
39584000000,-0.00221321900078
39623000000,0.0695240971924
39651000000,0.0220225015304
39673000000,-0.0518139067014
39694000000,-0.0141129291878
39738000000,0.0455225240079
39769000000,0.0217490150495
39808000000,-0.0327862796174
39844000000,-0.0275203133572
39854000000,0.0227933261511
39879000000,0.0261539208357
39912000000,-0.0326175867499
39947000000,-0.0430799172578
39980000000,0.0102308432603
40028000000,0.0313662418787
40053000000,-0.0105861083213
40086000000,-0.0349506592324
40120000000,0.000447098085907
40149000000,0.0318961400627
40163000000,0.00195720592992
40242000000,-0.0239460514194
40285000000,-0.00989947085423
40330000000,0.0240987400158
40350000000,0.0195818796441
40373000000,0.0467547365755
40406000000,-0.0103566246094
40444000000,-0.0535899422008
40490000000,0.00278278093008
40527000000,0.0553468043163
40561000000,0.0191032241273
40589000000,-0.0450782948279
40618000000,-0.0183147556116
40655000000,0.0490150779312
40687000000,0.0379801903244
40740000000,-0.0294132286571
40752000000,-0.0406187134819
40790000000,0.0205424471951
40820000000,0.0457520982827
40861000000,-0.0153698922701
40894000000,-0.0587250009997
40932000000,-0.00616760508881
40967000000,0.0517045971726
41003000000,0.0127429131321
41038000000,-0.0583910108686
41082000000,-0.0319738547463
41112000000,0.0480261452537
41165000000,0.0434256098768
41197000000,-0.0365743901232
41229000000,-0.0511047042319
41266000000,0.0282805169245
41320000000,0.0605411141644
41360000000,-0.0194588858356
41398000000,-0.072072814735
41444000000,0.00419686871209
41487000000,0.0815531657089
41525000000,0.0157069027337
41560000000,-0.0642930972663
41599000000,-0.027820340864
41638000000,0.052179659136
41671000000,0.0334869758143
41711000000,-0.0465130241857
41745000000,-0.0442672042969
41788000000,0.0352705337309
41829000000,0.0539309959575
41871000000,-0.0216274146765
41914000000,-0.0556737365515
41954000000,0.012077948322
41999000000,0.0626005454392
42028000000,0.00360683687199
42077000000,-0.0609112381846
42119000000,-0.0111661240265
42166000000,0.0617220228844
42206000000,0.0279707600949
42245000000,-0.0506078357085
42298000000,-0.039315382079
42326000000,0.040684617921
42368000000,0.0502061782459
42415000000,-0.0266499725813
42464000000,-0.0526697028693
42504000000,0.0129822615646
42546000000,0.0522989979861
42591000000,-0.00352128690377
42626000000,-0.0599905861521
42666000000,-0.0131523683796
42719000000,0.0541308083113
42765000000,0.0163819100789
42805000000,-0.0519878301667
42831000000,-0.0316360293121
42886000000,0.0389982666674
42930000000,0.0414853296125
42980000000,-0.0304824177207
43020000000,-0.0552299671935
43060000000,0.0160598798549
43096000000,0.0581063946579
43140000000,-0.00451505953867
43181000000,-0.0664757956594
43221000000,-0.0114856250095
43256000000,0.0655775618494
43302000000,0.02624120653
43354000000,-0.0535664518002
43399000000,-0.0470925570225
43444000000,0.0329074429775
43482000000,0.0536625526792
43549000000,-0.0223336531658
43586000000,-0.0799698816061
43635000000,-0.0149661152533
43681000000,0.0650338847467
43728000000,0.0381389315001
43754000000,-0.0418610684999
43823000000,-0.0454918708337
43875000000,0.0345081291663
43918000000,0.0752187261526
43963000000,-0.00469482901622
44003000000,-0.0731639637294
44050000000,-0.00904362347548
44099000000,0.0708883021641
44153000000,0.024791234929
44204000000,-0.055208765071
44254000000,-0.0593444789201
44302000000,0.0206555210799
44350000000,0.0605101951828
44421000000,-0.0121078931422
44482000000,-0.0921078931422
44534000000,-0.0291357502746
44595000000,0.0508642497254
44651000000,0.0693208476514
44740000000,-0.0106791523486
44795000000,-0.0906791523486
44844000000,-0.0511348232776
44895000000,0.0288651767224
44946000000,0.0515710051085
45038000000,-0.0168063761623
45120000000,-0.092968599429
45182000000,-0.0290074642312
45232000000,0.0509925357688
45285000000,0.0699242259643
45335000000,0.00284080402079
45368000000,-0.0502227401184
45405000000,0.0038066589711
45458000000,0.0566612164147
45496000000,0.00123212937183
45530000000,-0.0469352738277
45595000000,-0.0114392743064
45634000000,0.0490299506145
45667000000,0.0263943564938
45716000000,-0.0369033404645
45766000000,-0.0294619122192
45808000000,0.0332048365225
45849000000,0.0415831892069
45908000000,-0.0214670836971
45951000000,-0.0523609789142
45996000000,0.00191863880812
46053000000,0.0464500515847
46112000000,0.00319237363893
46170000000,-0.0539438983949
46230000000,-0.0300517426793
46273000000,0.0455992805813
46312000000,0.0425833280195
46354000000,-0.0320095730413
46389000000,-0.0436553108082
46419000000,0.0236212970961
46456000000,0.0484914635991
46509000000,-0.0172675390475
46537000000,-0.0575904552245
46578000000,0.00253197266302
46628000000,0.0473279057566
46674000000,0.00345769925511
46716000000,-0.0521093510086
46744000000,-0.020299823387
46774000000,0.0373809418831
46813000000,0.0188666841332
46860000000,-0.0408466436369
46905000000,-0.0377613838148
46940000000,0.0310027463442
46968000000,0.0456124647638
47012000000,-0.0174041406263
47048000000,-0.0448364845144
47082000000,0.0139326957737
47117000000,0.0496303692043
47166000000,-0.0025550743525
47191000000,-0.0442235644124
47228000000,-0.00560498084631
47259000000,0.0431713260479
47294000000,0.0116507204844
47339000000,-0.0417641888024
47378000000,-0.0185467284261
47421000000,0.0373555067926
47459000000,0.0274317070503
47489000000,-0.0330148550923
47520000000,-0.03100522081
47561000000,0.0305623678608
47601000000,0.0425650164142
47653000000,-0.0199082967475
47683000000,-0.0563156932416
47719000000,-0.0049037059279
47764000000,0.0408713775191
47799000000,0.00783820317211
47842000000,-0.0397122054605
47896000000,-0.0190750299482
47933000000,0.0388649944004
47970000000,0.0333533307629
47998000000,-0.0265439815029
48033000000,-0.0310321471665
48080000000,0.0311297908582
48117000000,0.0594547596402
48151000000,-0.00409679835106
48187000000,-0.0552284364506
48230000000,-0.00280268825005
48274000000,0.0669728620923
48311000000,0.0242604875129
48346000000,-0.0557395124871
48372000000,-0.0335179960997
48403000000,0.0464820039003
48424000000,0.0314516820171
48454000000,-0.0385042482453
48479000000,-0.0333793657914
48516000000,0.0334643613413
48549000000,0.042314639386
48581000000,-0.0238716857179
48630000000,-0.0446571580441
48671000000,0.0103299101329
48708000000,0.0493304038146
48745000000,0.00356501976118
48794000000,-0.0444508914158
48816000000,-0.0120218108912
48848000000,0.0352066335224
48886000000,0.0160502261812
48922000000,-0.0309801713512
48946000000,-0.0282644533231
48986000000,0.0195149947786
49028000000,0.031072258805
49058000000,-0.018083166579
49095000000,-0.0371025600419
49135000000,-0.00196778772187
49157000000,0.0259390564487
49224000000,0.000812365962985
49292000000,-0.0456181609056
49338000000,-0.0300620267253
49354000000,0.0288459238772
49381000000,0.0244114556012
49420000000,-0.03245616978
49461000000,-0.0379430489505
49506000000,0.0254282759928
49536000000,0.0549581407259
49564000000,-0.00283382377421
49605000000,-0.0422050617536
49632000000,-0.000139307319573
49675000000,0.0431904136447
49696000000,0.012422056814
49747000000,-0.0376129491144
49779000000,-0.0213887940449
49810000000,0.0348731994128
49842000000,0.0289150615816
49872000000,-0.0277963335993
49914000000,-0.0333347255226
49949000000,0.0264133141547
49983000000,0.0476874172374
50009000000,-0.00993489452166
50043000000,-0.0430168758022
50083000000,0.00720571699882
50124000000,0.0557364673116
50164000000,0.018286310872
50212000000,-0.0436032114822
50259000000,-0.0277039511258
50290000000,0.0468006020533
50335000000,0.0422550720436
50371000000,-0.0377449279564
50403000000,-0.0571263548028
50442000000,0.0198692555824
50488000000,0.0582326362293
50528000000,-0.011298291792
50565000000,-0.0707233666891
50593000000,-0.0157633539646
50622000000,0.0488754537891
50641000000,0.00716783385447
50666000000,-0.0490988147486
50699000000,-0.0140350325437
50732000000,0.0473167990612
50759000000,0.0221549141979
50817000000,-0.0429449971313
50854000000,-0.0348841351047
50887000000,0.0300053938517
50917000000,0.0352044328286
50957000000,-0.0253420520689
51003000000,-0.0422738128193
51038000000,0.0200773326256
51064000000,0.0524026057684
51084000000,-0.00189369919933
51120000000,-0.03717323666
51147000000,0.00572245337472
51178000000,0.0405047586568
51205000000,0.00985219760676
51231000000,-0.0299111513512
51251000000,-0.00968165903305
51271000000,0.0305884233679
51305000000,0.0147344600228
51344000000,-0.0301207228835
51373000000,-0.0274901340148
51388000000,0.0151993718251
51431000000,0.0182403608743
51466000000,-0.0136725406427
51513000000,-0.0243250061072
51528000000,0.00229797378911
51568000000,0.0160412876561
51606000000,-0.00409409988811
51630000000,-0.0207116487822
51669000000,-0.00511267790087
51707000000,0.0203465837733
51737000000,0.0133442493216
51784000000,-0.0139405434659
51823000000,-0.01925814882
51857000000,0.0039909970934
51899000000,0.0169218291114
51943000000,-0.00273818238374
51976000000,-0.0234736603081
52012000000,-0.00857300018533
52039000000,0.0176623488128
52097000000,0.0113896861496
52146000000,-0.0227571140071
52193000000,-0.0304811198153
52231000000,0.0063103894548
52256000000,0.0314623244446
52315000000,0.00537957917185
52371000000,-0.0412591242557
52420000000,-0.033097937676
52467000000,0.0310917402254
52529000000,0.0540968076914
52572000000,-0.0126720679127
52625000000,-0.0673403339015
52662000000,-0.0130001047165
52756000000,0.0669998952835
52802000000,0.0499085623147
52848000000,-0.0300914376853
52923000000,-0.0681211030387
52970000000,0.0118788969613
53023000000,0.0893734931716
53078000000,0.0171092135559
53125000000,-0.0628907864441
53175000000,-0.0646393971505
53190000000,0.0153606028495
53235000000,0.0396335886975
53270000000,-0.0278465711248
53315000000,-0.0648817584291
53347000000,-0.00105386666063
53392000000,0.0527764565411
53420000000,0.011236304784
53454000000,-0.0387693364273
53478000000,-0.0100393007617
53514000000,0.0437745300867
53538000000,0.025419116103
53573000000,-0.0312995723579
53598000000,-0.0221884154178
53620000000,0.03005774181
53650000000,0.0290474425235
53688000000,-0.019383018392
53726000000,-0.02703072736
53769000000,0.0103871352504
53803000000,0.0307671897006
53835000000,-0.00412805049634
53896000000,-0.0333761366361
53938000000,-0.0023673869977
53965000000,0.0376491735468
53996000000,0.0132478852824
54040000000,-0.0326566905839
54068000000,-0.0266627229524
54081000000,0.0162036293615
54123000000,0.0180146809315
54162000000,-0.0306310253866
54180000000,-0.0393600336816
54204000000,0.00685542713832
54243000000,0.0214131927961
54257000000,-0.0203863073955
54299000000,-0.0373146644645
54323000000,0.0117282618094
54360000000,0.0375598339635
54400000000,-0.0073925408784
54452000000,-0.0471629480885
54495000000,-0.00674760024738
54533000000,0.0512394085692
54581000000,0.0268982688589
54620000000,-0.0475496773879
54654000000,-0.0438866647708
54698000000,0.0361133352292
54735000000,0.063488720985
54784000000,-0.0113749700765
54824000000,-0.0710194088689
54866000000,-0.0100099229818
54889000000,0.0699900770182
54930000000,0.030435773945
54959000000,-0.049564226055
54995000000,-0.033767335394
55043000000,0.0375609733589
55076000000,0.0450250881283
55159000000,-0.023561995466
55192000000,-0.0697969001123
55235000000,-0.00128347940753
55293000000,0.0731924605981
55352000000,0.019937666199
55394000000,-0.060062333801
55444000000,-0.0529233409383
55476000000,0.0270766590617
55544000000,0.0614572007523
55582000000,-0.0160927832058
55633000000,-0.0802869341899
55660000000,-0.0226226464251
55708000000,0.0490503757846
55737000000,0.0117999345718
55786000000,-0.0549110578387
55817000000,-0.0335666399674
55846000000,0.0233480616656
55873000000,0.0189715885716
55903000000,-0.030620025556
55932000000,-0.0309007026957
55967000000,0.0118548698341
55995000000,0.022735065525
56035000000,-0.00176555789783
56061000000,-0.0138669042618
56084000000,0.00462965643411
56118000000,0.0129735726529
56157000000,0.00240896087917
56187000000,-0.0076563729831
56233000000,-0.00644059177179
56284000000,0.014952956506
56338000000,0.0140654952864
56375000000,-0.00885441443781
56413000000,-0.0146249411547
56446000000,0.00610535655197
56495000000,0.0169044789792
56536000000,-0.000435654383561
56578000000,-0.0179552886223
56602000000,-0.00646171077667
56629000000,0.0124525710955
56693000000,0.00673843111051
56726000000,-0.0227089610067
56746000000,-0.0198319573248
56787000000,-0.0351725308236
56822000000,0.00850161953675
56850000000,0.0509301820932
56880000000,0.0089218465545
56922000000,-0.0437974198646
56944000000,-0.016970905054
56970000000,0.0406094835857
56992000000,0.0240816367029
57057000000,-0.0341906247294
57101000000,-0.0433840558407
57146000000,0.0280266072084
57172000000,0.065870358356
57224000000,-0.002989354998
57285000000,-0.0745185860436
57298000000,-0.0205615797414
57370000000,0.0594384202586
57409000000,0.0474459949649
57459000000,-0.0325540050351
57484000000,-0.0593242447915
57530000000,0.0130950390132
57559000000,0.0636962569804
57594000000,0.00448693652576
57649000000,-0.0620571049096
57688000000,-0.020512882248
57710000000,0.0588720672244
57762000000,0.0274051834431
57806000000,-0.0525948165569
57853000000,-0.0611762995483
57892000000,0.0188237004517
57955000000,0.0608866323289
57986000000,-0.00996378161678
58056000000,-0.065481827672
58121000000,0.00357441311637
58162000000,0.0835744131164
58218000000,0.0520776686595
58266000000,-0.0279223313405
58331000000,-0.0664024384087
58373000000,0.0103064486413
58423000000,0.0716714464007
58471000000,0.00378287847655
58525000000,-0.0762171215235
58563000000,-0.0305386023036
58636000000,0.0494613976964
58669000000,0.0540399291713
58719000000,-0.0160520666691
58768000000,-0.0548077320406
58808000000,0.00681218576837
58850000000,0.0560192432511
58899000000,0.00457539731577
58952000000,-0.0655698500958
59013000000,-0.0251283425379
59055000000,0.0548716574621
59107000000,0.0590854467149
59152000000,-0.0209145532851
59171000000,-0.0554535717867
59222000000,0.0108664781792
59261000000,0.0659273740066
59301000000,0.00706132298958
59328000000,-0.0629064324767
59374000000,-0.0177577977327
59431000000,0.0622422022673
59452000000,0.0449463432863
59485000000,-0.026134154472
59522000000,-0.0269322725133
59570000000,0.0356260574499
59607000000,0.0499210624498
59654000000,-0.0162191962477
59687000000,-0.052996175386
59737000000,0.00360040017989
59761000000,0.0559565550972
59808000000,0.00607558763254
59841000000,-0.0686317519717
59878000000,-0.0275361392527
59932000000,0.0524638607473
60005000000,0.0402542501594
60053000000,-0.0397457498406
60079000000,-0.0848939678627
60129000000,-0.0132124139398
60181000000,0.0628031980922
60240000000,0.0164775009837
60282000000,-0.0635224990163
60298000000,-0.051273669747
60347000000,0.0182538394267
60388000000,0.0327438304601
60442000000,-0.0223396695358
60493000000,-0.051521320882
60549000000,0.00294871108677
60614000000,0.0708207987965
60675000000,0.0382798834653
60733000000,-0.0417201165347
60782000000,-0.0664384689583
60828000000,0.0135615310417
60889000000,0.0638357774754
60941000000,-0.00296244460089
61003000000,-0.0769361706272
61042000000,-0.0176134302921
61097000000,0.0623865697079
61139000000,0.0428611019886
61210000000,-0.0371388980114
61261000000,-0.0667586853354
61300000000,0.0132413146646
61355000000,0.0653109147324
61394000000,-0.00939949737345
61454000000,-0.0674726882955
61507000000,-0.00400976467443
61547000000,0.0759902353256
61595000000,0.0364529927785
61659000000,-0.0435470072215
61717000000,-0.0551944658984
61773000000,0.0248055341016
61822000000,0.0751938905147
61891000000,0.00197737545388
61986000000,-0.0780226245461
62070000000,-0.0476366216524
62115000000,0.0323633783476
62154000000,0.103515304783
62206000000,0.0501911910199
62244000000,-0.0298088089801
62320000000,-0.031865293366
62360000000,0.048134706634
62407000000,0.0668868173838
62459000000,-0.0131131826162
62521000000,-0.0808759551281
62580000000,-0.0168840364083
62641000000,0.0631159635917
62707000000,0.0488506413688
62755000000,-0.0311493586312
62786000000,-0.0739828210648
62815000000,-0.0128868121447
62863000000,0.0374760174849
62938000000,-0.00152545767611
62981000000,-0.0815254576761
63029000000,-0.0466146890288
63092000000,0.0333853109712
63147000000,0.0638578160778
63208000000,-0.00391040782495
63229000000,-0.0518131423526
63267000000,-0.0187614735999
63307000000,0.0386377109297
63376000000,0.019603920692
63425000000,-0.0572857219768
63462000000,-0.0499043194036
63501000000,0.0287760226609
63540000000,0.0436545099252
63572000000,-0.0302580556929
63625000000,-0.0492985911707
63660000000,0.0271125687428
63687000000,0.0590903427623
63726000000,-0.00459801811473
63774000000,-0.0501974958206
63840000000,0.00163244334767
63937000000,0.0714683149689
63984000000,0.036057927087
64061000000,-0.043942072913
64110000000,-0.0766122644353
64150000000,-0.00149852947066
64185000000,0.0517462221039
64241000000,-0.0036153783237
64285000000,-0.0686844503879
64326000000,-0.0261603390709
64347000000,0.0412391285225
64367000000,0.0231233943616
64401000000,-0.0269679034611
64431000000,-0.0206524825414
64462000000,0.0263143937564
64492000000,0.0287002300739
64518000000,-0.0102407589404
64544000000,-0.0147639469758
64590000000,0.0152631922142
64634000000,0.0256285640306
64676000000,0.00298049685858
64715000000,-0.0154006473752
64750000000,0.000959970556041
64786000000,0.0210347013698
64828000000,0.00721783613579
64869000000,-0.0165088309222
64905000000,-0.0101612214259
64934000000,0.0134112522282
64991000000,0.0122528244499
65013000000,-0.0162257294247
65037000000,-0.0196078468213
65088000000,0.012836474685
65124000000,0.0147718496378
65168000000,-0.00836276101004
65214000000,-0.0122536425046
65254000000,0.0236677300527
65293000000,0.0135278577923
65323000000,-0.0232824301322
65336000000,-0.0176605120873
65382000000,-0.0451281744996
65431000000,0.0167859237135
65456000000,0.0845010791869
65498000000,0.0247187482894
65544000000,-0.0552812517106
65581000000,-0.0371372096937
65621000000,0.0406131839195
65641000000,0.0431258522144
65689000000,-0.0211865402464
65724000000,-0.0466096596489
65775000000,0.00639273305886
65837000000,0.0592875787715
65890000000,0.0199480067388
65928000000,-0.0544063526081
65967000000,-0.0259640859066
65976000000,0.05027794914
66011000000,0.0710270641864
66051000000,-0.00897293581363
66082000000,-0.0843617344825
66113000000,-0.0043617344825
66175000000,0.0301103905436
66220000000,0.00935323808175
66261000000,-0.049670680791
66321000000,-0.0405597044396
66357000000,0.0394402955604
66405000000,0.0567839391116
66457000000,-0.0167583270715
66496000000,-0.0533175029295
66519000000,0.00422735629296
66560000000,0.045623804851
66589000000,0.000297712813246
66635000000,-0.0400303664737
66677000000,-0.00391058468513
66712000000,0.0470686565792
66781000000,0.0207736918346
66819000000,-0.0523644464949
66850000000,-0.0349293711155
66873000000,0.0289716610904
66913000000,0.0167728367466
66941000000,-0.0378127309922
66971000000,-0.031460685517
66988000000,0.0264609434435
67027000000,0.022539905153
67076000000,-0.0283985260264
67139000000,-0.0365141394911
67193000000,0.0230815873059
67247000000,0.0588229765903
67291000000,0.00428028997628
67328000000,-0.0450815541237
67371000000,-0.00108754166939
67406000000,0.0559302974669
67429000000,0.0274125547912
67462000000,-0.0278709177187
67499000000,-0.067195862203
67538000000,0.012804137797
67584000000,0.092804137797
67617000000,0.0332671144594
67629000000,-0.0467328855406
67657000000,-0.00866741610986
67681000000,0.0588875334976
67733000000,0.0353648911745
67768000000,-0.0446351088255
67807000000,-0.0454548941958
67857000000,0.0242428927384
67880000000,0.051016305259
67928000000,-0.012162011904
67967000000,-0.057062097564
68023000000,-0.00195693443042
68047000000,0.0624827732966
68092000000,0.0218014585052
68131000000,-0.0496986435001
68165000000,-0.0246203182577
68202000000,0.0476200111698
68253000000,0.0396741362603
68298000000,-0.0385920494842
68327000000,-0.0640260042327
68354000000,0.0159739957673
68399000000,0.0568126460766
68456000000,-0.0176218606917
68486000000,-0.0833493252017
68528000000,-0.0204878719269
68556000000,0.0595121280731
68593000000,0.0245007993526
68618000000,-0.0552655866671
68659000000,-0.0306843938107
68682000000,0.0493156061893
68714000000,0.0782548829587
68735000000,-0.00174511704128
68750000000,-0.0569945615295
68771000000,0.00923434991597
68801000000,0.0598071592453
68831000000,0.00815615908661
68868000000,-0.0396768667522
68905000000,-0.00162630888262
68923000000,0.0465937879286
68958000000,0.0149848686159
68997000000,-0.0413558325143
69036000000,-0.0201944866052
69045000000,0.0379219734506
69073000000,0.0358237760775
69126000000,-0.0342197874013
69177000000,-0.0523597550367
69215000000,0.00995597660976
69262000000,0.0447215724212
69300000000,-0.00653716029997
69334000000,-0.0484112087917
69370000000,-0.0023091567224
69408000000,0.0498232323444
69455000000,0.0146089838087
69489000000,-0.0495732897543
69523000000,-0.0229225151881
69565000000,0.0454360226985
69605000000,0.0416333175563
69642000000,-0.0340378412465
69683000000,-0.0468249900842
69722000000,0.0320814078726
69761000000,0.063545402931
69814000000,-0.0140142431963
69863000000,-0.0776079007086
69905000000,-0.00621876685329
69935000000,0.0737812331467
69972000000,0.0215953294799
70010000000,-0.0584046705201
70048000000,-0.0363978571238
70075000000,0.0436021428762
70107000000,0.0398035988656
70144000000,-0.0382459973132
70180000000,-0.0480809580076
70204000000,0.0301901258045
70239000000,0.0425159460864
70273000000,-0.0279028860931
70303000000,-0.0471288056766
70336000000,0.0123678689355
70364000000,0.040799898904
70397000000,-0.00641718738722
70420000000,-0.0391963765699
70448000000,-0.00251744211497
70481000000,0.0320343458502
70506000000,0.00283662489047
70537000000,-0.0280144216959
70570000000,-0.00506983025739
70594000000,0.0280307742592
70622000000,0.0125340353997
70646000000,-0.0189224961599
70670000000,-0.00715574979837
70693000000,0.0222974211246
70722000000,0.0130701465401
70750000000,-0.0147502143002
70779000000,-0.0110926385961
70811000000,0.0172853955442
70845000000,0.0182583252662
70870000000,-0.0105901888745
70906000000,-0.0174165169162
70930000000,0.00831869169909
70959000000,0.0193196733648
70985000000,-0.00448062326396
71016000000,-0.0201282564768
71047000000,-0.000846247618013
71080000000,0.0198904733299
71142000000,0.00433816346805
71205000000,-0.0281860127941
71251000000,-0.0257213764531
71297000000,0.0154539449975
71319000000,0.029465666764
71373000000,-0.009167674537
71406000000,-0.040624250638
71443000000,-0.00836853210665
71479000000,0.0396649670859
71523000000,0.019162935661
71552000000,-0.0389705803336
71576000000,-0.0322028571423
71634000000,0.0291523537122
71674000000,0.0520253770838
71723000000,-0.00904524077195
71773000000,-0.0648635867813
71819000000,-0.0158825574527
71855000000,0.0641174425473
71901000000,0.0327870054694
71943000000,-0.0472129945306
71972000000,-0.0645834101559
72010000000,0.0154165898441
72048000000,0.0544453039341
72085000000,-0.0082885260069
72116000000,-0.0631977644917
72166000000,-0.0167664514311
72193000000,0.063055420414
72214000000,0.035078046783
72230000000,-0.044921953217
72255000000,-0.0240742108891
72290000000,0.0411364263806
72334000000,0.0352234567981
72380000000,-0.0219027750473
72408000000,-0.0339707289168
72447000000,0.0117529219607
72474000000,0.0328092889855
72518000000,-0.0136415174177
72550000000,-0.0427152594919
72591000000,0.0008747508591
72640000000,0.0423037467478
72670000000,0.00796944243853
72710000000,-0.0448319166727
72748000000,-0.0179385375663
72779000000,0.0417812818566
72820000000,0.0325950481308
72857000000,-0.0461782612681
72896000000,-0.0655841314895
72940000000,0.0144158685105
72980000000,0.0774502898453
73019000000,0.00671975655111
73055000000,-0.0732802434489
73084000000,-0.017286283132
73118000000,0.062713716868
73164000000,0.0298218966551
73201000000,-0.0501781033449
73222000000,-0.0536832883382
73271000000,0.0117283962627
73296000000,0.0390182978469
73322000000,-0.0209891573155
73354000000,-0.0495206930633
73379000000,0.00225322598156
73404000000,0.0362752309095
73434000000,-0.0163582710147
73490000000,0.0205785478966
73509000000,0.00497122498596
73525000000,-0.031678436205
73568000000,-0.0139845264583
73627000000,0.0288619044308
73678000000,0.0319713303509
73706000000,-0.0170452615417
73736000000,-0.0259136295143
73773000000,0.0281922021335
73866000000,0.0375576366188
73889000000,-0.0351816483441
73909000000,-0.0502452954869
73955000000,0.0108017644859
73994000000,0.0429143859238
74013000000,-0.00552037056136
74045000000,0.0156086894608
74079000000,0.00567770140385
74113000000,-0.0375613565391
74134000000,-0.00900430487896
74167000000,0.0169867077019
74194000000,-0.00160096311269
74234000000,-0.0323795146135
74268000000,-0.00233281138084
74307000000,0.0274364815284
74342000000,-0.00404536084604
74384000000,-0.0261364346623
74418000000,-0.000693760239544
74463000000,0.0267555248753
74498000000,0.0107185945065
74545000000,-0.0218471789252
74576000000,-0.0221804990741
74623000000,0.0176238205019
74667000000,0.0317155856962
74708000000,-0.00887751877709
74742000000,-0.0382110187538
74807000000,-0.00226323823481
74829000000,0.0405527132538
74874000000,0.0072178031259
74906000000,-0.0400084593945
74937000000,-0.016915165655
74970000000,0.0351957665351
74996000000,0.0234079443404
75027000000,-0.0322502665685
75053000000,-0.0298237789736
75085000000,0.0260158504032
75118000000,0.0370063250585
75151000000,-0.0165842048091
75190000000,-0.0425599374467
75215000000,0.00249592462727
75239000000,0.0356654951112
75275000000,-0.00217766104521
75307000000,-0.0464872931845
75348000000,-0.0163858135821
75406000000,0.0448560266431
75450000000,0.0371578473978
75482000000,-0.0360665384228
75504000000,-0.0470000471073
75533000000,0.0229919210037
75577000000,0.0508934634631
75616000000,-0.0194100601572
75651000000,-0.0656176235939
75682000000,-0.000401844356666
75717000000,0.0614268322488
75752000000,0.0029962550673
75801000000,-0.0680161328452
75840000000,-0.0221159520355
75876000000,0.0578840479645
75917000000,0.0368354666938
75927000000,-0.0431645333062
75963000000,-0.068874206424
75997000000,0.011125793576
76038000000,0.0873494828987
76080000000,0.0214116171572
76110000000,-0.0585883828428
76150000000,-0.0370267483095
76190000000,0.0429732516905
76223000000,0.0520137025136
76244000000,-0.0212996488267
76284000000,-0.036817296904
76315000000,0.0211125364491
76342000000,0.0410274299415
76374000000,-0.00570513398566
76423000000,-0.0327876939802
76454000000,-0.00217178875411
76500000000,0.0263620704864
76541000000,0.00871533793948
76583000000,-0.0286435672526
76631000000,-0.0131298240025
76674000000,0.0243727459506
76698000000,0.0237133402152
76734000000,-0.0229205003951
76764000000,-0.0322354573942
76798000000,0.013021310604
76832000000,0.0305034659415
76868000000,-0.00734504748766
76879000000,-0.0312870402538
76909000000,0.00802957381482
76971000000,0.0313929865263
77025000000,-0.00762197667417
77079000000,-0.0469879298225
77108000000,-0.0159815910988
77174000000,0.0347191870533
77217000000,0.0219290694452
77274000000,-0.0381299928572
77335000000,-0.0483707717214
77389000000,0.0316292282786
77431000000,0.0749237353771
77468000000,-0.00507626462293
77496000000,-0.0765304506073
77549000000,-0.0061242157177
77598000000,0.0738757842823
77638000000,0.0492984019612
77684000000,-0.0307015980388
77727000000,-0.0560452241076
77778000000,0.0197788992849
77801000000,0.0675921416729
77827000000,0.00167078941669
77865000000,-0.0476669729721
77904000000,0.00397047674249
77935000000,0.0595553873872
77984000000,0.0186340789097
78027000000,-0.0606576233394
78081000000,-0.0405356695956
78124000000,0.0394643304044
78166000000,0.0606078253147
78214000000,-0.0155576143577
78238000000,-0.0638415354497
78279000000,0.00294506558397
78322000000,0.0648139642955
78359000000,0.00902435489326
78406000000,-0.0645731078108
78468000000,-0.0231518371893
78516000000,0.0568481628107
78562000000,0.0694635964408
78605000000,-0.0105364035592
78665000000,-0.0564428207919
78693000000,0.0116538880116
78737000000,0.0713964288228
78782000000,0.00629901779579
78819000000,-0.0737009822042
78861000000,-0.0262803609037
78890000000,0.0537196390963
78923000000,0.031180384852
78957000000,-0.048819615148
78970000000,-0.0403748125507
79003000000,0.0266371348984
79031000000,0.0277371164871
79052000000,-0.0330229400716
79083000000,-0.0355111090043
79118000000,0.0237286641457
79147000000,0.0376384510006
79172000000,-0.0123257999888
79206000000,-0.0307955170356
79242000000,0.0180038352245
79275000000,0.0393288857876
79305000000,-0.00400650960207
79340000000,-0.0306842356589
79379000000,0.0108578413614
79425000000,0.0354940339987
79473000000,-0.00486380196392
79512000000,-0.0438999345901
79557000000,-0.00922472086197
79601000000,0.0433935219596
79644000000,0.0141008442526
79690000000,-0.0434549724158
79721000000,-0.0254882315085
79763000000,0.0339428695166
79808000000,0.0317619690298
79847000000,-0.0339570496998
79881000000,-0.0461798369563
79908000000,0.0206991478125
79940000000,0.0433516351785
79986000000,-0.0227259234025
80018000000,-0.0621787596921
80051000000,0.00334326964968
80098000000,0.055953745385
80148000000,-0.00173569005908
80157000000,-0.0681637010752
80192000000,-0.0197465929095
80223000000,0.0496644607225
80252000000,0.0127355596186
80294000000,-0.0569759815418
80319000000,-0.0353983634549
80351000000,0.0307851753758
80376000000,0.0236732279378
80392000000,-0.0383721753894
80417000000,-0.0356271345926
80460000000,0.0295800947338
80484000000,0.0511442986772
80521000000,-0.0184532405207
80597000000,-0.0562851985837
80658000000,0.0181599036958
80693000000,0.0981599036958
80741000000,0.0273028922598
80783000000,-0.0526971077402
80825000000,-0.0391911856501
80875000000,0.0406747051464
80898000000,0.056340862995
80928000000,-0.0199615632602
80950000000,-0.0430289380242
80993000000,0.0213482746032
81014000000,0.0581701407551
81034000000,-0.00123933534494
81077000000,-0.0370478493085
81105000000,0.0119440996172
81134000000,0.0474443067245
81173000000,0.00619696150614
81209000000,-0.038816538276
81249000000,-0.0149460183784
81297000000,0.0356911649128
81348000000,0.0262387352651
81381000000,-0.0318193083354
81433000000,-0.0332295763637
81468000000,0.0287660756928
81513000000,0.0402258227526
81549000000,-0.0209746299184
81594000000,-0.0449303375062
81639000000,0.0110477387801
81682000000,0.0502224560094
81746000000,0.00329286342269
81780000000,-0.0678960566494
81807000000,-0.0334760211401
81836000000,0.0435254201127
81865000000,0.0200254890233
81908000000,-0.0560951392788
82000000000,-0.0436342779402
82057000000,0.0363657220598
82116000000,0.115907457045
82155000000,0.0410510763295
82187000000,-0.0389489236705
82226000000,-0.026909924332
82274000000,0.0449918140308
82317000000,0.0486325177801
82356000000,-0.0313674822199
82382000000,-0.0594983473261
82416000000,0.00960110926915
82466000000,0.0454360883998
82506000000,-0.0155970397139
82542000000,-0.0669549928909
82581000000,-0.0120906265939
82622000000,0.0522760287768
82659000000,0.0140786882313
82697000000,-0.0527017583826
82714000000,-0.0295487144196
82767000000,0.0391244134019
82792000000,0.0300133464329
82823000000,-0.0351344339091
82863000000,-0.0353367281034
82896000000,0.035952367542
82923000000,0.0460106016299
82947000000,-0.0232240335059
82987000000,-0.0406302833406
83015000000,0.0186054026814
83044000000,0.0383867619086
83064000000,-0.0147831213517
83109000000,-0.0327584344709
83138000000,0.0102453149364
83174000000,0.0317972361683
83234000000,-0.00445372713808
83284000000,-0.0447447442739
83329000000,-0.0161037342579
83346000000,0.0385375753564
83370000000,0.0163219951125
83391000000,-0.0378430518753
83410000000,-0.019772891161
83444000000,0.0308506079725
83482000000,0.0216948124267
83530000000,-0.0333930643562
83576000000,-0.0387248244428
83634000000,0.0260474401928
83675000000,0.0596052037664
83711000000,-0.00273241809017
83749000000,-0.0547681204269
83783000000,-0.0012647404951
83827000000,0.0586583331238
83865000000,0.0164045466248
83902000000,-0.0604428496181
83933000000,-0.0332453921396
83974000000,0.0457015006774
84009000000,0.037417520614
84047000000,-0.042582479386
84085000000,-0.0597075291251
84133000000,0.0202924708749
84167000000,0.0717109728499
84187000000,0.000212478435898
84228000000,-0.0522679232812
84255000000,0.00358435057338
84283000000,0.0547503557875
84323000000,0.0131986200093
84358000000,-0.047284588846
84403000000,-0.0178249240269
84440000000,0.0534277931399
84476000000,0.0354418155098
84521000000,-0.0397252717749
84573000000,-0.043624906643
84611000000,0.036375093357
84656000000,0.0541549627408
84674000000,-0.0243899679972
84695000000,-0.0476233129676
84749000000,0.0119371541058
84768000000,0.0615981441513
84798000000,0.0076580133247
84829000000,-0.0538583679572
84864000000,-0.00692212003574
84914000000,0.0562132801596
84958000000,0.0228148812842
84988000000,-0.0561417771371
85049000000,-0.0362524499078
85095000000,0.0437475500922
85142000000,0.0693270103849
85177000000,-0.0106729896151
85221000000,-0.0542911637214
85247000000,0.00905913639244
85276000000,0.0550723323037
85309000000,0.00138513408044
85356000000,-0.0551221644073
85393000000,-0.02396247225
85445000000,0.0404660097135
85485000000,0.0304969483149
85521000000,-0.0390369075503
85576000000,-0.044959595329
85611000000,0.035040404671
85636000000,0.0585458275274
85664000000,-0.0149653662037
85724000000,-0.0510190119487
85759000000,0.0204082251148
85811000000,0.0719433703084
85870000000,0.00306642900196
85915000000,-0.076933570998
85954000000,-0.0326501583312
86009000000,0.0473498416688
86059000000,0.0445592550324
86116000000,-0.0354407449676
86161000000,-0.0757166330146
86228000000,0.00428336698536
86273000000,0.0842833669854
86330000000,0.0220620788507
86364000000,-0.0579379211493
86406000000,-0.0566760956333
86442000000,0.0216267479212
86483000000,0.0453963161448
86520000000,-0.0259432189106
86555000000,-0.0638610089995
86600000000,0.00533474303583
86641000000,0.0622843423944
86679000000,0.00883409569424
86718000000,-0.0608702172928
86764000000,-0.0197373603953
86797000000,0.0581114920681
86835000000,0.0315758961715
86872000000,-0.0440710110092
86938000000,-0.0354406290118
86984000000,0.0445593709882
87022000000,0.0708154128546
87066000000,-0.00791427200905
87106000000,-0.0570260897156
87150000000,0.000203244249085
87198000000,0.0643014641266
87239000000,0.0157867210438
87266000000,-0.0642132789562
87313000000,-0.0308346972739
87342000000,0.0491653027261
87385000000,0.0362709778249
87431000000,-0.0437290221751
87486000000,-0.0586191050757
87526000000,0.0213808949243
87576000000,0.0594622434141
87626000000,-0.0127642280196
87673000000,-0.0726046241757
87724000000,-0.0102859686668
87764000000,0.0697140313332
87804000000,0.0291747139351
87839000000,-0.0507407894248
87877000000,-0.0341275269117
87928000000,0.0458724730883
87973000000,0.0526871140682
88018000000,-0.0273128859318
88055000000,-0.0552359987467
88111000000,0.0152709471003
88138000000,0.0540200353156
88178000000,-0.00433089602025
