%time,field
14003000000,-0.00359518644429
14031000000,-0.00349023140021
14084000000,-0.00328989620765
14112000000,-0.00294276713881
14144000000,0.00281865476342
14186000000,0.00432078101502
14219000000,0.00747767881009
14246000000,0.00773012804929
14274000000,0.00814271397663
14302000000,0.0070357546846
14338000000,0.00173658703623
14375000000,0.00195225207743
14408000000,0.00170159317558
14443000000,0.00129456031822
14474000000,0.000793023244376
14506000000,-0.0047702555968
14547000000,-0.00536315128389
14585000000,-0.00758119928445
14625000000,-0.00162826344632
14660000000,-0.00217849661252
14704000000,-0.00221974565799
14740000000,-0.00208797042735
14781000000,-0.00186031998333
14819000000,-0.0015245791588
14860000000,-0.00115056371557
14876000000,-0.000721331246668
14926000000,-0.000275475041781
14962000000,0.000233429895231
15005000000,0.000836322742403
15046000000,0.00144081966591
15083000000,0.00201772959291
15121000000,0.00260550444161
15150000000,0.00312587493664
15185000000,0.00349726766988
15226000000,0.00388866884168
15262000000,0.00420634549667
15303000000,0.00438928853948
15338000000,0.00444010947085
15370000000,0.00435885476058
15411000000,0.00409810185143
15446000000,0.00373165932246
15485000000,-0.00264103960617
15521000000,-0.00455295888399
15558000000,-0.00819384878861
15596000000,-0.00884900529751
15635000000,-0.00911233035813
15669000000,-0.00700701853574
15709000000,-0.00198561602659
15735000000,-0.00200722541941
15768000000,-0.0017251270053
15798000000,0.00449993401622
15835000000,0.00565332051662
15874000000,0.00801183663863
15911000000,0.00751459839015
15949000000,0.00178099224912
15990000000,0.0021618420577
16032000000,0.00194869167565
16074000000,0.00153336139844
16114000000,0.00100694761326
16153000000,-0.00459189075344
16193000000,-0.0056971338694
16232000000,-0.00768717079766
16272000000,-0.00727648036652
16311000000,-0.00244538654939
16351000000,-0.00271273495679
16391000000,-0.00249112952665
16428000000,-0.00204752990355
16469000000,-0.0015535744878
16508000000,0.00465709202852
16548000000,0.00584509136584
16592000000,0.00819460978947
16632000000,0.00771003943729
16677000000,0.00234220469796
16712000000,0.00264595427106
16744000000,0.00239975726579
16782000000,0.00202298814109
16821000000,-0.00350623470888
16860000000,-0.00486808989664
16904000000,-0.0072539376548
16941000000,-0.00713696553782
16981000000,-0.00158139908124
17018000000,-0.00199944118635
17055000000,-0.00190551830644
17094000000,-0.00162794812336
17132000000,-0.00127434402742
17173000000,-0.000817692448011
17213000000,-0.000336530500354
17255000000,0.000194863280707
17284000000,0.000759060518307
17322000000,0.00119198733403
17363000000,0.00174379181979
17405000000,0.00231197822723
17445000000,0.00285533536778
17484000000,0.00330407446692
17524000000,0.00367335919683
17566000000,0.00394087959611
17605000000,0.00408967359448
17643000000,0.00409502063298
17683000000,0.00395335657465
17721000000,0.0036426127036
17760000000,0.00322380510793
17810000000,-0.00366252874701
17835000000,-0.00531004519253
17875000000,-0.009228004938
17916000000,-0.00927725747805
17956000000,-0.00917605773737
17996000000,-0.00227946144359
18034000000,-0.00258291998298
18071000000,-0.00223042366708
18114000000,0.00399518372511
18151000000,0.00557127068321
18189000000,0.00798970479021
18227000000,0.00792402155902
18271000000,0.00172733755546
18301000000,0.00212774526688
18339000000,0.00202677489994
18378000000,0.00167555249734
18417000000,0.00123690224315
18456000000,0.000663497104739
18498000000,-0.00509669468196
18540000000,-0.0060291358401
18572000000,-0.0081422648779
18616000000,-0.00729787288409
18656000000,-0.00278175998266
18696000000,-0.00301524190255
18736000000,-0.00273962815223
18775000000,-0.00224436518938
18814000000,0.00411747890398
18857000000,0.00535099928158
18897000000,0.00843100727222
18939000000,0.0078466467191
18978000000,0.00713122935923
19020000000,0.00230382707503
19060000000,0.00233539590476
19097000000,-0.00349933758432
19109000000,-0.0047398389139
19176000000,-0.0079365225833
19218000000,-0.00745288460508
19258000000,-0.00711304100315
19299000000,-0.00201865612502
19338000000,-0.00211837086596
19379000000,-0.00169170267586
19416000000,0.00438905114789
19453000000,0.00562418263595
19495000000,0.00787187770849
19524000000,0.00761309182579
19554000000,0.00697861719615
19586000000,0.00226655831389
19623000000,0.00241580463962
19662000000,0.00215086896341
19696000000,0.00170067826936
19733000000,-0.00412005033396
19775000000,-0.00527780742783
19813000000,-0.00780604636634
19859000000,-0.0072211118707
19897000000,-0.00196874451838
19936000000,-0.00232631382165
19976000000,-0.00214320350387
20013000000,-0.00174086827728
20055000000,-0.0012603205933
20095000000,-0.000715088413176
20134000000,0.00521622123036
20175000000,0.00595152485805
20213000000,0.00823999486707
20254000000,0.00730321618461
20294000000,0.00274797670354
20335000000,0.00293486289314
20372000000,0.00262123625797
20412000000,-0.00289959207106
20453000000,-0.00424634051676
20492000000,-0.00723496731311
20532000000,-0.00698474240937
20569000000,-0.00676872079142
20614000000,-0.00168077163712
20646000000,-0.00182121313886
20686000000,-0.00150604975339
20726000000,-0.00100877113667
20766000000,0.00471251777938
20806000000,0.00539079285061
20847000000,0.00778907803883
20883000000,0.00177168923222
20925000000,0.00235557866794
20965000000,0.00239795563271
21000000000,0.00224862509277
21043000000,0.00200142616622
21083000000,0.00165026056163
21124000000,0.00120428788336
21164000000,0.000684421905674
21187000000,-0.00490106813283
21237000000,-0.00570613544396
21279000000,-0.00811405262304
21316000000,-0.00726587790336
21355000000,-0.00266599757671
21394000000,-0.00294751190428
21434000000,-0.00275270092697
21465000000,-0.0023464796135
21496000000,-0.00187682352474
21536000000,0.0040533735581
21575000000,0.00528460948652
21617000000,0.00767500741585
21656000000,0.00758578223734
21697000000,0.00175005714934
21736000000,0.00218491144772
21779000000,0.00203842073707
21815000000,0.00168549438424
21856000000,0.00125117375981
21894000000,0.00076393367021
21935000000,0.000175898647565
21974000000,-0.00546892431888
22008000000,-0.00642644221352
22041000000,-0.00832546186397
22066000000,-0.00795545146104
22096000000,-0.00288843482503
22124000000,-0.00323918332173
22152000000,-0.00324562500338
22175000000,-0.0031201569224
22223000000,-0.0430354141794
22257000000,-0.0197234870148
22282000000,0.0315756982132
22313000000,0.0495272529897
22344000000,0.0252562995142
22376000000,0.00370798272538
22406000000,-0.00901257571817
22433000000,-0.011439819652
22458000000,-0.00289965061698
22473000000,0.00402494297491
22511000000,0.00167741132163
22552000000,-0.00535667803067
22581000000,-0.0102877362792
22607000000,-0.00732405261636
22642000000,-0.00080161823672
22679000000,0.00223888073437
22712000000,-0.00074374049971
22734000000,-0.00813420449669
22775000000,-0.00315788583306
22814000000,0.00917167655065
22862000000,0.000414781835598
22910000000,-0.0213095840842
22927000000,9.05227969307e-05
22947000000,0.0087977190598
22972000000,-0.00538288585592
23006000000,-0.0161614235397
23036000000,0.009653479233
23061000000,0.0092633457139
23104000000,-0.00866719001457
23131000000,-0.0114636310732
23159000000,0.0036956562732
23189000000,0.00771792546075
23214000000,-0.010129827704
23235000000,-0.00461753556777
23290000000,0.0132436224461
23324000000,0.00320586740769
23358000000,-0.0099848423487
23406000000,-0.00775249683973
23448000000,0.0136420574839
23497000000,0.0141211511029
23555000000,-0.00924756301652
23599000000,-0.0207624783326
23664000000,0.00287575378512
23696000000,0.0271862661045
23748000000,0.00667639591218
23783000000,-0.0322988271052
23817000000,-0.0225492793399
23853000000,0.0211232595342
23891000000,0.0262933119572
23916000000,-0.0174586552498
23938000000,-0.0315241482188
23975000000,0.00923705135102
24007000000,0.037443032917
24043000000,0.00713196194628
24079000000,-0.0314504461196
24121000000,-0.0173377745354
24140000000,0.0295537000974
24185000000,0.0271555131457
24218000000,-0.0220531056532
24274000000,-0.0363615311342
24310000000,0.00969124036076
24345000000,0.0425943279745
24379000000,0.00820025609592
24416000000,-0.0378167998285
24449000000,-0.0236979449124
24484000000,0.0278014168883
24519000000,0.0317754997598
24540000000,-0.0215202837026
24572000000,-0.036604591989
24606000000,0.0131352182351
24648000000,0.0435570245326
24675000000,-0.000695968898599
24706000000,-0.0465481485567
24740000000,-0.0172329364404
24767000000,0.0388901080346
24818000000,0.0246841694766
24843000000,-0.0439544563159
24875000000,-0.0459881038391
24902000000,0.0273768226631
24944000000,0.0472041227782
24981000000,-0.026495996601
25013000000,-0.0682011103799
25044000000,-0.000802411838352
25082000000,0.0552079653091
25121000000,0.00376197838682
25147000000,-0.0598849340758
25176000000,-0.0217687767675
25232000000,0.042621308517
25275000000,0.031618118959
25313000000,-0.0429034240895
25337000000,-0.0471297168239
25385000000,0.0295022155445
25424000000,0.057359445706
25472000000,-0.0166164192885
25515000000,-0.0740934875114
25563000000,-0.00712465113845
25613000000,0.0728753488615
25662000000,0.0407821916559
25733000000,-0.0392178083441
25798000000,-0.0789253512458
25851000000,0.0010746487542
25894000000,0.0810746487542
25946000000,0.0350670607511
26005000000,-0.0449329392489
26055000000,-0.0645480130582
26096000000,0.0108577107954
26145000000,0.0639648907564
26219000000,0.00309375700036
26271000000,-0.0769062429996
26312000000,-0.054811785012
26355000000,0.025188214988
26404000000,0.0498263907289
26476000000,-0.0183926945801
26545000000,-0.0856580215448
26578000000,-0.0212913522237
26624000000,0.0571314160019
26663000000,0.0237790292157
26703000000,-0.0562209707843
26772000000,-0.035849051056
26811000000,0.044150948944
26864000000,0.076374009309
26899000000,0.0056251355
26951000000,-0.054300228892
27000000000,-0.00498687594977
27065000000,0.0722097769288
27129000000,0.036880117634
27151000000,-0.043119882366
27182000000,-0.0560630103417
27236000000,0.00443701542558
27294000000,0.0516924088751
27339000000,0.00423272760066
27369000000,-0.0630741079435
27436000000,-0.0228650265585
27470000000,0.0571349734415
27504000000,0.0588761939991
27560000000,-0.00943304192735
27621000000,-0.0574855648676
27666000000,-0.00122995664314
27698000000,0.0571852191172
27746000000,0.0171356699718
27776000000,-0.0518410346439
27805000000,-0.0267127223102
27848000000,0.0370484612452
27877000000,0.0338838776025
27906000000,-0.0226664176273
27937000000,-0.0293675669219
27980000000,0.0183346495232
28024000000,0.0384998811306
28046000000,-0.00814813636181
28085000000,-0.0322505270542
28124000000,0.00702924796206
28160000000,0.0378654849217
28170000000,0.00517705219853
28208000000,-0.021682634779
28250000000,-7.69951481186e-06
28284000000,0.0270140455816
28316000000,0.00830935633071
28339000000,-0.024163929537
28372000000,-0.0115421903689
28407000000,0.020745680346
28437000000,0.015067969425
28479000000,-0.0158944477486
28516000000,-0.0213288677813
28563000000,0.00833421970629
28610000000,0.0266355506877
28644000000,-0.000303857901895
28683000000,-0.0256591628612
28722000000,-0.00436730998867
28749000000,0.0287749027024
28776000000,0.0131070829626
28823000000,-0.0226360613981
28872000000,-0.0195409838522
28930000000,0.0216872909023
28954000000,0.0380011216385
29009000000,0.000477041541682
29052000000,-0.0417823588895
29088000000,-0.0177528316151
29102000000,0.0366859642974
29119000000,0.0225145861174
29159000000,-0.0302253821955
29202000000,-0.0282649795876
29234000000,0.0275124379504
29275000000,0.0410677407293
29312000000,-0.0184698830254
29340000000,-0.051721242378
29384000000,0.00343898983926
29409000000,0.0585869238883
29448000000,0.0147283521998
29492000000,-0.0652716478002
29507000000,-0.038357646109
29536000000,0.037242842328
29568000000,0.0277427754165
29625000000,-0.0468596241399
29691000000,-0.0550799899694
29725000000,0.0249200100306
29771000000,0.0667802775187
29813000000,-0.00744149455619
29854000000,-0.0731961093679
29919000000,-0.0111719161892
29966000000,0.0688280838108
30002000000,0.0692217368368
30049000000,-0.0107782631632
30091000000,-0.054767413781
30146000000,0.0078383445009
30185000000,0.0779443797481
30219000000,0.0245211193923
30271000000,-0.0554788806077
30331000000,-0.034156301362
30375000000,0.045843698638
30421000000,0.0678665974429
30448000000,-0.0121334025571
30493000000,-0.0496776111416
30547000000,0.0152986429992
30583000000,0.0783215476242
30640000000,0.0235958925554
30678000000,-0.0564041074446
30703000000,-0.0528572236208
30761000000,0.0142743170368
30798000000,0.0507728352682
30843000000,-0.00970004509178
30895000000,-0.0631704607791
30950000000,-0.00739111566679
31004000000,0.0726088843332
31036000000,0.039750521937
31082000000,-0.040249478063
31135000000,-0.044039134064
31165000000,0.035960865936
31198000000,0.0514118089955
31236000000,-0.0152847488629
31267000000,-0.0525493914282
31294000000,-0.00334792198138
31318000000,0.0381445813038
31341000000,0.000767762557547
31374000000,-0.0373917673559
31416000000,-0.00953019019985
31443000000,0.0332222175758
31475000000,0.0152659100467
31515000000,-0.0268974028108
31554000000,-0.0201375360928
31597000000,0.0244343898074
31642000000,0.0362435606371
31676000000,-0.0168458048307
31704000000,-0.0408692635403
31747000000,0.00691912703567
31782000000,0.0475811214804
31821000000,0.00766396416612
31855000000,-0.0440942317486
31886000000,-0.0159231391598
31913000000,0.0411713650484
31941000000,0.0240147639165
31988000000,-0.031418679628
32032000000,-0.0310457244713
32058000000,0.0292772189023
32096000000,0.0384934865728
32137000000,-0.0252652178576
32188000000,-0.0559877056158
32226000000,0.0114076858002
32284000000,0.0585782169114
32328000000,-2.52845537958e-05
32359000000,-0.0750358962264
32407000000,-0.0266163457319
32450000000,0.0533836542681
32488000000,0.0520659845994
32530000000,-0.0279340154006
32570000000,-0.059208500003
32607000000,0.00591429182068
32665000000,0.0561300893456
32715000000,9.99244980698e-05
32771000000,-0.0760156535103
32822000000,-0.030505508796
32885000000,0.049494491204
32938000000,0.0714237433081
32998000000,-0.0085762566919
33046000000,-0.0885762566919
33098000000,-0.0283203220303
33137000000,0.0516796779697
33185000000,0.0601012851318
33219000000,-0.0198987148682
33270000000,-0.0550816871991
33293000000,0.0169025818222
33343000000,0.0604168581474
33384000000,-0.00318559742678
33404000000,-0.0610215337543
33446000000,-0.00985732604444
33458000000,0.0575129815269
33502000000,0.0139050058356
33550000000,-0.0634485263647
33585000000,-0.0378205211133
33620000000,0.0421794788867
33652000000,0.0390891101498
33678000000,-0.0190499845204
33717000000,-0.0208599884317
33765000000,0.0300414526457
33787000000,0.0457037255315
33831000000,-0.0018359856994
33855000000,-0.0331032743276
33920000000,0.00568205272679
33958000000,0.0492545381325
34038000000,0.016304767258
34064000000,-0.0629914510667
34106000000,-0.0472951170565
34143000000,0.0327048829435
34183000000,0.048940415747
34240000000,-0.0272051763096
34287000000,-0.0784679866854
34322000000,-0.00926643534339
34359000000,0.064281318241
34401000000,0.00768439278862
34431000000,-0.0723156072114
34459000000,-0.0300756224705
34486000000,0.0499243775295
34530000000,0.0296715513979
34573000000,-0.0503284486021
34620000000,-0.0512508240227
34655000000,0.0282066863346
34695000000,0.0540346680191
34734000000,-0.0118064682849
34780000000,-0.0579705071824
34821000000,0.00576488007938
34868000000,0.0680597101961
34890000000,0.0172980475953
34914000000,-0.0490158472533
34945000000,-0.0126244905355
34983000000,0.0522595616453
35033000000,0.0295965875465
35064000000,-0.0504034124535
35097000000,-0.0422372062703
35148000000,0.0377627937297
35187000000,0.054024133036
35233000000,-0.025975866964
35251000000,-0.0577101671398
35286000000,0.0113985343533
35328000000,0.0508899955252
35375000000,0.0111871664607
35410000000,-0.0302151186803
35459000000,-0.0122125155908
35512000000,0.03272302696
35534000000,0.0256121552936
35569000000,-0.0200237883801
35605000000,-0.0249832886116
35651000000,0.0151705890846
35673000000,0.0318743142769
35719000000,-0.00311462130452
35746000000,-0.0341121702822
35802000000,-0.00798181045147
35827000000,0.0360775858889
35859000000,0.0219080018853
35890000000,-0.0195917674502
35959000000,-0.0192275586401
35989000000,0.0291413274724
36018000000,0.037051130551
36040000000,-0.0101265545848
36106000000,-0.0269015765899
36139000000,0.0181716976877
36200000000,0.0462961847101
36235000000,-0.000904945464776
36259000000,-0.0592349043299
36279000000,-0.0194566663106
36316000000,0.0305066893199
36358000000,0.00962200791834
36402000000,-0.0510789000297
36437000000,-0.0330118104811
36476000000,0.041419012075
36515000000,0.0427401203452
36550000000,-0.0361523210734
36606000000,-0.0581861601948
36646000000,0.0218138398052
36695000000,0.0771683117435
36750000000,0.00378121252364
36792000000,-0.0762187874764
36836000000,-0.0395029402371
36883000000,0.0404970597629
36919000000,0.0554420991848
36957000000,-0.0245579008152
37004000000,-0.0531292125772
37051000000,0.0144672275834
37089000000,0.0673575014297
37133000000,0.0111766999451
37174000000,-0.0662029102235
37219000000,-0.0147469389672
37267000000,0.0652530610328
37312000000,0.0400166795288
37361000000,-0.0399833204712
37398000000,-0.053909805718
37447000000,0.0238106196458
37501000000,0.0668169818829
37537000000,-0.0111976239102
37592000000,-0.0731946754152
37646000000,-0.00910583455286
37693000000,0.0708941654471
37723000000,0.0422634213479
37767000000,-0.0377365786521
37813000000,-0.0362946232394
37870000000,0.0412025195517
37910000000,0.0602979223265
37968000000,-0.0197020776735
38005000000,-0.0770440493615
38036000000,-0.00547752633084
38055000000,0.056024038887
38096000000,-0.00563378121243
38131000000,-0.0692706442658
38175000000,-0.0233144991768
38228000000,0.0566855008232
38276000000,0.04472568465
38313000000,-0.03527431535
38348000000,-0.0495157982592
38387000000,0.0209559495925
38438000000,0.0487940180399
38487000000,-0.0187139589348
38531000000,-0.064295046265
38555000000,-0.00303047088073
38595000000,0.0450709511272
38643000000,0.0010900565248
38697000000,-0.0599598228723
38749000000,-0.0285050531636
38789000000,0.0514949468364
38827000000,0.048676071571
38879000000,-0.029094185436
38911000000,-0.0554344349235
38955000000,0.0168276254284
39001000000,0.0660868640667
39072000000,0.000454919730814
39118000000,-0.0795450802692
39158000000,-0.0371142229085
39205000000,0.0428857770915
39247000000,0.0528969493103
39294000000,-0.0271030506897
39342000000,-0.059706564142
39382000000,0.0165859525886
39437000000,0.0720315305079
39470000000,0.00576728886621
39517000000,-0.0662655478572
39543000000,-0.0188775072404
39584000000,0.0508159229088
39623000000,0.0205618557452
39656000000,-0.0534210986366
39675000000,-0.0367414017009
39694000000,0.0301615232259
39735000000,0.0208560082434
39769000000,-0.0447952161592
39816000000,-0.0448962637854
39837000000,0.0290930117261
39854000000,0.0408330225708
39879000000,0.10778514753
39914000000,0.0277851475305
39948000000,-0.0522148524695
39980000000,-0.102652887878
40022000000,-0.0345733762863
40053000000,0.0454266237137
40088000000,0.0160244270071
40119000000,-0.0442546508359
40150000000,-0.0334867197829
40163000000,0.0286269593566
40232000000,0.0210112413453
40285000000,-0.0239246787161
40328000000,-0.0305280614301
40343000000,0.0188333072372
40377000000,0.0113081758646
40402000000,-0.0110196553167
40446000000,-0.0100438410408
40491000000,0.0128719975928
40527000000,0.0186975322034
40559000000,-0.00149369978959
40586000000,-0.0130744963547
40617000000,0.0039261546324
40654000000,0.01702693011
40687000000,0.00348440246585
40725000000,-0.0115199941316
40752000000,-0.00282096486502
40783000000,0.0112390120004
40814000000,0.00500252986648
40859000000,-0.0100132751756
40894000000,-0.00710635914875
40930000000,0.00795428186506
40967000000,0.00907449479705
40999000000,-0.014214588563
41042000000,-0.0108727132692
41089000000,0.0158534773551
41120000000,0.017378777664
41163000000,-0.0104469728489
41199000000,-0.0207064711461
41231000000,0.00661435580747
41270000000,0.0220297376108
41328000000,-0.00318361928727
41360000000,-0.0299261270889
41399000000,-0.00803842536271
41456000000,0.0275118355969
41481000000,0.016872942027
41515000000,-0.0247617796173
41559000000,-0.0263959085323
41598000000,0.0207127244143
41637000000,0.0361357939828
41673000000,-0.0134583958427
41716000000,-0.0413962923238
41745000000,0.00714948842776
41796000000,0.0486516146358
41832000000,0.00687993988501
41874000000,-0.0502177233686
41907000000,-0.0254791519281
41990000000,0.0441713985837
41990000000,0.0422401747181
42031000000,-0.0354907854962
42077000000,-0.0555461188526
42119000000,0.0244538811474
42169000000,0.0758893709423
42212000000,0.00163540869514
42254000000,-0.0753690483175
42304000000,-0.018161221304
42328000000,0.061838778696
42370000000,0.0482934745256
42416000000,-0.0317065254744
42465000000,-0.0459181434458
42505000000,0.0218602888846
42547000000,0.0564629847996
42595000000,-0.00759881882579
42627000000,-0.068993495924
42668000000,-0.0137089670936
42726000000,0.0662910329064
42767000000,0.0205126807656
42804000000,-0.0594873192344
42830000000,-0.0370506325403
42886000000,0.0364317916877
42936000000,0.0448131850143
42985000000,-0.0285728291006
43020000000,-0.0632632557374
43055000000,0.0102427831117
43101000000,0.0632903118273
43140000000,0.00175840860705
43180000000,-0.0707296577724
43224000000,-0.0201383531097
43255000000,0.0598616468903
43302000000,0.0376401386164
43362000000,-0.0408344296481
43399000000,-0.0575628869553
43444000000,0.0224371130447
43484000000,0.0634351879068
43547000000,-0.0099985929632
43583000000,-0.0899985929632
43638000000,-0.0335027444334
43684000000,0.0464972555666
43726000000,0.0678656065391
43772000000,-0.00514357606258
43827000000,-0.0631902296012
43874000000,-0.0010638665256
43919000000,0.0767380976011
43966000000,0.0260232857625
44005000000,-0.0539767142375
44043000000,-0.0455760874782
44097000000,0.0344239125218
44154000000,0.0565582645736
44202000000,-0.0234417354264
44253000000,-0.0772672084144
44303000000,-0.000109360001621
44351000000,0.0798906399984
44419000000,0.0240194867881
44476000000,-0.0559805132119
44535000000,-0.0797150018329
44594000000,0.00028499816706
44660000000,0.0802849981671
44747000000,0.0304646872767
44794000000,-0.0495353127233
44847000000,-0.100573200227
44895000000,-0.027539266377
44942000000,0.052460733623
45036000000,0.044512103236
45118000000,-0.035487896764
45198000000,-0.114663632265
45232000000,-0.0366079045858
45305000000,0.0433920954142
45335000000,0.0629168498423
45375000000,-0.000239091172521
45404000000,-0.0418696236219
45458000000,0.00619192139346
45496000000,0.073848213743
45545000000,0.0288611594173
45594000000,-0.0501682178777
45634000000,-0.0361882652469
45667000000,0.0413765132606
45718000000,0.03836235556
45766000000,-0.040101927421
45810000000,-0.0598210029576
45852000000,0.0194012624031
45905000000,0.06242293254
45952000000,-0.00862328509165
46002000000,-0.0705301932485
46053000000,-0.0105417651824
46113000000,0.0694582348176
46173000000,0.0492104619558
46228000000,-0.0307895380442
46272000000,-0.0726584666941
46310000000,-0.00889436844671
46354000000,0.0550709268616
46387000000,0.0122000965772
46420000000,-0.0520549774604
46458000000,-0.0242428916719
46509000000,0.0488666983324
46544000000,0.0386753136981
46576000000,-0.0351769822544
46629000000,-0.0409122497297
46672000000,0.0360987128536
46716000000,0.0598157420142
46745000000,0.038510588477
46775000000,-0.0298796079889
46813000000,-0.0205171421543
46860000000,0.0436028835768
46902000000,0.0470044480104
46945000000,-0.0268295520544
46975000000,-0.0532401858366
47012000000,0.0116008620484
47050000000,0.0531742088557
47082000000,-0.00617941584116
47121000000,-0.0536235862373
47157000000,-0.00573913051737
47192000000,0.045269488653
47228000000,0.0132017741713
47257000000,-0.0424926687686
47289000000,-0.0221452857086
47337000000,0.0392326127924
47379000000,0.0396545384041
47417000000,-0.0319204458045
47459000000,-0.0475973644466
47489000000,0.0234990100738
47520000000,0.0407587151076
47565000000,-0.020742407049
47609000000,-0.0512569759309
47653000000,0.00730774514504
47685000000,0.0598101644501
47719000000,0.0148697077417
47762000000,-0.0388555493695
47799000000,-0.0175956040785
47842000000,0.0338889133798
47896000000,0.0358788387094
47936000000,-0.0292313646329
47968000000,-0.0470446048754
47998000000,0.0167283666732
48028000000,0.0386685378513
48080000000,-0.020260164114
48114000000,-0.0721212698039
48151000000,-0.00614096450606
48185000000,0.0655903815225
48230000000,0.0152965919158
48271000000,-0.0647034080842
48311000000,-0.0375180393373
48335000000,0.0424819606627
48373000000,0.0415479407474
48397000000,-0.0331599009537
48421000000,-0.0378535947121
48447000000,0.0229997005098
48479000000,0.0359549283288
48516000000,-0.0192791439823
48558000000,-0.0394030042485
48588000000,0.0141803132068
48626000000,0.0359191101226
48671000000,-0.0050589461676
48708000000,-0.0389879514789
48745000000,-0.0061248586576
48793000000,0.0341241055054
48816000000,0.0142383854509
48851000000,-0.0230179092896
48886000000,-0.0155272404806
48922000000,0.0196947360803
48947000000,0.0280011666567
48986000000,-0.00836132759782
49031000000,-0.0308906827555
49058000000,0.00467227271467
49095000000,0.0325321045053
49135000000,0.0101683009325
49157000000,-0.0245041721208
49222000000,-0.00978867249321
49291000000,0.0399095424545
49333000000,0.0400409811993
49354000000,-0.0179673148897
49382000000,-0.0313556575848
49420000000,0.0213512237878
49461000000,0.0474193107565
49506000000,-0.00716037981614
49536000000,-0.0590254739347
49566000000,-0.0150188603143
49605000000,0.0483717358549
49632000000,0.0231584578585
49675000000,-0.0416722273695
49696000000,-0.0347713729263
49747000000,0.0327206816263
49779000000,0.0491093860619
49810000000,-0.0212431500269
49842000000,-0.0469344596214
49874000000,0.0118388686267
49916000000,0.0468507544906
49949000000,-0.0062638098708
49981000000,-0.0568764661177
50014000000,-0.0112962169844
50042000000,0.0500387273177
50082000000,0.0160521855082
50124000000,-0.0604483076945
50157000000,-0.045765154888
50202000000,0.034234845112
50248000000,0.0574835286151
50289000000,-0.0225164713849
50334000000,-0.0631736468974
50371000000,0.0123531574085
50410000000,0.077551408016
50437000000,0.0128656543983
50488000000,-0.0671343456017
50528000000,-0.0273490946558
50564000000,0.0526509053442
50593000000,0.0452118956844
50620000000,-0.028796429397
50641000000,-0.0336396766625
50666000000,0.0236671989763
50700000000,0.033364229991
50732000000,-0.0167725588671
50762000000,-0.0372109874328
50817000000,0.00808340996146
50853000000,0.0510310938697
50887000000,0.0152598673773
50917000000,-0.0383448318764
50957000000,-0.0175462386288
51003000000,0.0430499556182
51038000000,0.0345404536924
51064000000,-0.0339675805226
51084000000,-0.0339385912562
51120000000,0.0305827649274
51147000000,0.0443032635978
51178000000,-0.011015958934
51205000000,-0.0395461419648
51231000000,0.00707387663759
51252000000,0.0415863370172
51272000000,-0.00200255554127
51305000000,-0.0388235693509
51345000000,-0.00296966984817
51373000000,0.0440538879707
51388000000,0.0194532919033
51431000000,-0.0273861381672
51466000000,-0.0179094630527
51513000000,0.0193552445165
51533000000,0.0247385172569
51574000000,-0.00893587785619
51610000000,-0.0241708945815
51630000000,0.00629089437161
51667000000,0.025921876805
51710000000,-0.00412388309685
51743000000,-0.0337465612497
51787000000,-0.0101921851547
51823000000,0.0317321013534
51856000000,0.0235530930764
51900000000,-0.01717688789
51935000000,-0.0270391747537
51978000000,0.011486558178
52015000000,0.0340300130665
52039000000,0.00562747183745
52104000000,-0.0268231204884
52145000000,-0.00887986785955
52197000000,0.034474990389
52225000000,0.0295357878134
52256000000,-0.0178090785094
52316000000,-0.0306568251483
52373000000,0.0211018078314
52420000000,0.0585253001472
52472000000,0.00685023753381
52529000000,-0.066209232978
52575000000,-0.0370791981447
52626000000,0.0429208018553
52652000000,0.0668397234043
52756000000,-0.0131602765957
52804000000,-0.0931602765957
52849000000,-0.0754026839581
52922000000,0.00459731604188
52970000000,0.0845973160419
53021000000,0.0554616239491
53077000000,-0.0245383760509
53124000000,-0.0817355682559
53169000000,-0.0128597797781
53192000000,0.0671402202219
53234000000,0.0318885312937
53272000000,-0.0481114687063
53305000000,-0.0531552519397
53347000000,0.0251941815591
53392000000,0.0531546692599
53420000000,-0.00950017927639
53451000000,-0.0493216839132
53478000000,0.00103504185002
53512000000,0.0457345972175
53538000000,0.00549887821094
53573000000,-0.0430846445536
53598000000,-0.0104543519873
53623000000,0.0358297192201
53650000000,0.0141632473696
53678000000,-0.0308990298696
53723000000,-0.0210011188892
53769000000,0.0196688902902
53803000000,0.0235040860925
53835000000,-0.0180732192128
53896000000,-0.0299016292023
53937000000,0.0180750346464
53965000000,0.0440570455209
54000000000,0.000121955886736
54040000000,-0.0380850056818
54067000000,-0.000406387008469
54081000000,0.0283636534905
54123000000,-0.00342586109684
54158000000,-0.0501283048159
54180000000,-0.0176834765797
54205000000,0.0303589220488
54243000000,0.00914039238446
54257000000,-0.044538191866
54297000000,-0.0298500889091
54321000000,0.0428934165142
54359000000,0.0384359408272
54398000000,-0.0408196201953
54452000000,-0.052405445309
54495000000,0.027594554691
54536000000,0.0760122074312
54581000000,0.00256608090711
54620000000,-0.0774339190929
54654000000,-0.0248822937269
54698000000,0.0551177062731
54733000000,0.0448240857993
54777000000,-0.0343612467564
54824000000,-0.0540508672413
54866000000,0.0198423820204
54894000000,0.0635760367551
54930000000,0.0026078405335
54959000000,-0.053189265533
54995000000,-0.0100975812183
55042000000,0.0437197209317
55076000000,0.0168390892992
55139000000,-0.0405928986886
55185000000,-0.0367600766154
55228000000,0.0342220337713
55290000000,0.0572460075768
55343000000,-0.0227539924232
55386000000,-0.072226830261
55438000000,-0.00858232058542
55476000000,0.0714176794146
55537000000,0.0358741861209
55597000000,-0.0441258138791
55638000000,-0.0813146941122
55662000000,-0.0186918172852
55712000000,0.038098204252
55738000000,-0.00226640278814
55778000000,-0.054442544862
55809000000,-0.0182741016704
55846000000,0.0281337091296
55873000000,0.00895004184101
55903000000,-0.0311616774077
55932000000,-0.0202302780599
55967000000,0.0181820092082
55995000000,0.0201601163916
56038000000,-0.00304186736284
56055000000,-0.0127013173733
56083000000,0.00643559011245
56120000000,0.0123471217399
56156000000,-0.00108546252361
56186000000,-0.00866605593172
56233000000,0.000341013238084
56285000000,0.0165552925553
56335000000,-0.00046247096591
56376000000,-0.0184825478691
56414000000,-0.00381391227569
56446000000,0.0191756149759
56490000000,0.011278183024
56539000000,-0.0169810135602
56578000000,-0.0194639661197
56603000000,0.00878272996061
56635000000,0.0172173806685
56695000000,-0.007818566438
56726000000,-0.0342529808692
56746000000,-0.0105261828862
56787000000,-0.0192657708974
56823000000,0.00470132348012
56849000000,0.0349616450012
56877000000,0.00956736152969
56926000000,-0.025610961243
56942000000,-0.0139156771832
56974000000,0.0229041826142
56992000000,0.0208954733683
57044000000,-0.0159126490338
57101000000,-0.0376674061049
57137000000,0.00506796356351
57172000000,0.0515579792662
57224000000,0.0181536141827
57279000000,-0.0543743699959
57331000000,-0.049421614183
57368000000,0.030578385817
57409000000,0.0680911569472
57457000000,-0.0119088430528
57482000000,-0.0813375981152
57525000000,-0.0136151884341
57559000000,0.0663848115659
57591000000,0.0394642049172
57644000000,-0.0405357950828
57686000000,-0.0538921693269
57710000000,0.0209284335915
57762000000,0.0467294243044
57807000000,-0.0236917638999
57854000000,-0.0682217603545
57894000000,-0.00198442117009
57956000000,0.065581226216
57987000000,0.0212542839484
58057000000,-0.0574901099938
58120000000,-0.0393362960857
58165000000,0.0406637039143
58218000000,0.0821610655141
58270000000,0.00216106551409
58339000000,-0.0778389344859
58374000000,-0.0315560521327
58429000000,0.0484439478673
58472000000,0.054136926806
58531000000,-0.025863073194
58561000000,-0.0769466628868
58634000000,-0.00505823771796
58666000000,0.074941762282
58727000000,0.0582710950085
58768000000,-0.0217289049915
58804000000,-0.0622401873553
58856000000,0.00423875195849
58893000000,0.0619717353437
58952000000,0.00324400345451
59013000000,-0.0767559965455
59058000000,-0.0437127540912
59107000000,0.0362872459088
59139000000,0.0557406008868
59175000000,-0.0175694492044
59218000000,-0.0414306334496
59261000000,0.0270943166363
59301000000,0.0636078402456
59328000000,-0.00266625195958
59375000000,-0.043661181541
59432000000,0.00464007546258
59452000000,0.0681780692041
59480000000,0.024670998739
59519000000,-0.0354776635283
59570000000,-0.0143117161704
59607000000,0.0495037788754
59654000000,0.0370813266738
59695000000,-0.0392791209646
59737000000,-0.0481997288523
59757000000,0.0318002711477
59806000000,0.0468038325462
59840000000,-0.0331961674538
59876000000,-0.0626596854528
59940000000,0.0119705055481
60005000000,0.0756898566004
60054000000,0.00866911520203
60079000000,-0.071330884798
60131000000,-0.0298942768282
60183000000,0.0501057231718
60244000000,0.0462073184551
60280000000,-0.0337926815449
60300000000,-0.0665896312559
60347000000,-0.00110732930724
60396000000,0.0591257206546
60442000000,0.0163071910911
60493000000,-0.0636928089089
60549000000,-0.0331250409589
60613000000,0.0468749590411
60671000000,0.0738544351363
60734000000,-0.00614556486372
60779000000,-0.0861455648637
60825000000,-0.0314294624373
60889000000,0.0485705375627
60939000000,0.0563262339271
61001000000,-0.0236737660729
61044000000,-0.0771531390741
61096000000,-0.00512692419047
61138000000,0.0748730758095
61209000000,0.0237055541393
61258000000,-0.0562944458607
61301000000,-0.0743528438428
61358000000,-0.0008293813702
61398000000,0.073315564495
61454000000,0.022609726422
61506000000,-0.057390273578
61547000000,-0.061137256633
61589000000,0.0187853425652
61666000000,0.0597916294
61725000000,-0.0161628559776
61774000000,-0.088539936619
61823000000,-0.0154869846651
61886000000,0.0645130153349
61980000000,0.051670490775
62066000000,-0.028329509225
62116000000,-0.108329509225
62154000000,-0.0806479147578
62189000000,-0.000647914757765
62243000000,0.0476641122188
62314000000,0.000464361664825
62356000000,-0.0740788700067
62413000000,-0.0353973008295
62459000000,0.0446026991705
62521000000,0.0611537536681
62577000000,-0.0188462463319
62641000000,-0.0786743288719
62705000000,0.00108099886064
62755000000,0.0810809988606
62786000000,0.051447009595
62815000000,-0.0189369958129
62863000000,-0.0106170527838
62937000000,0.0490855283998
62982000000,0.0559084568814
63029000000,0.135908456881
63092000000,0.215908456881
63147000000,0.29
63207000000,0.29
63230000000,0.29
63267000000,0.272833386809
63307000000,0.192833386809
63383000000,0.112833386809
63426000000,0.0328333868093
63457000000,-0.0471666131907
63514000000,-0.127166613191
63540000000,-0.207166613191
63574000000,-0.287166613191
63625000000,-0.29
63658000000,-0.29
63687000000,-0.29
63726000000,-0.251842359174
63774000000,-0.171842359174
63829000000,-0.0918423591743
63928000000,-0.0118423591743
63982000000,0.0681576408257
64061000000,0.148157640826
64115000000,0.178031481292
64150000000,0.146479125301
64185000000,0.0916434439953
64234000000,0.052035247556
64285000000,0.0246231445316
64315000000,-0.00214323233003
64347000000,-0.0160579246148
64367000000,-0.0160324815041
64401000000,-0.0137172161004
64433000000,-0.00745585300764
64465000000,-0.00377776077881
64492000000,-0.000276732443076
64518000000,0.00385068312093
64542000000,0.00748260212313
64590000000,0.0107742081763
64634000000,0.0198715897958
64674000000,0.0232328900038
64717000000,0.0204795417457
64750000000,0.0204132468138
64786000000,0.0244582229226
64828000000,0.0278709130716
64871000000,0.0280406211818
64908000000,0.0277264328541
64934000000,0.028405808203
64987000000,0.0298968757663
65023000000,0.0313036963407
65063000000,0.0319933827967
65088000000,0.0318198072121
65124000000,0.0321011800006
65164000000,0.032608245888
65214000000,0.033259044158
65253000000,0.03376741698
65293000000,0.0348337509091
65323000000,0.0364177612089
65336000000,0.0371950448503
65382000000,0.0381476734391
65431000000,0.0376409331893
65456000000,0.0365401560609
65498000000,0.0367451449512
65544000000,0.0379988401877
65587000000,0.0341697866928
65621000000,0.037997680727
65641000000,0.0444033328323
65689000000,0.0453069558988
65724000000,0.0444817751189
65780000000,0.0433239764071
65840000000,0.041774628895
65887000000,0.0418570894556
65927000000,0.043954707915
65967000000,0.0416120821272
65976000000,0.0452231394673
66011000000,0.0466468904864
66046000000,0.0451848972258
66081000000,0.0465186016255
66113000000,0.0496866055538
66166000000,0.0509399941735
66217000000,0.050898213249
66263000000,0.0502938033536
66320000000,0.049706991856
66357000000,0.0497958721486
66400000000,0.0467573698375
66457000000,0.0504810663634
66496000000,0.0554178063816
66519000000,0.0567415883184
66558000000,0.0564402883595
66589000000,0.055450433265
66635000000,-0.024549566735
66677000000,-0.104549566735
66719000000,-0.184549566735
66785000000,-0.264549566735
66824000000,-0.29
66850000000,-0.29
66873000000,-0.232865372859
66913000000,-0.176675403791
66941000000,-0.0966754037912
66970000000,-0.0166754037912
66991000000,0.0633245962088
67023000000,0.143324596209
67076000000,0.184283842037
67139000000,0.218931255323
67194000000,0.279093879495
67246000000,0.282353007769
67288000000,0.231386012691
67330000000,0.20094323295
67371000000,0.162162887932
67406000000,0.125427014626
67429000000,0.10679904734
67462000000,0.0904097074292
67499000000,0.058209662895
67538000000,0.0570451102738
67579000000,0.0679485647873
67617000000,0.0627346936813
67629000000,0.0531005727421
67658000000,0.050876162012
67681000000,0.0555512660899
67731000000,0.0568735291097
67766000000,0.0525609450909
67807000000,0.0488875382441
67856000000,0.0506380681422
67880000000,0.0540649868234
67928000000,0.054373293871
67968000000,0.052403167195
68019000000,0.0519920710917
68047000000,0.0537919502416
68094000000,0.0547596023212
68132000000,0.0540783653888
68166000000,0.0532099404295
68202000000,-0.0267900595705
68245000000,-0.106790059571
68293000000,-0.186790059571
68319000000,-0.266790059571
68343000000,-0.29
68399000000,-0.29
68454000000,-0.268505757511
68486000000,-0.188505757511
68530000000,-0.108505757511
68551000000,-0.0285057575114
68592000000,0.0514942424886
68618000000,0.131494242489
68655000000,0.211494242489
68682000000,0.29
68714000000,0.29
68733000000,0.29
68750000000,0.29
68771000000,0.29
68801000000,0.29
68832000000,0.29
68865000000,0.288146815354
68903000000,0.27159677772
68923000000,0.212385294497
68960000000,0.170584806423
68995000000,0.146118348979
69030000000,0.112085158912
69045000000,0.077745756002
69082000000,0.0531201106982
69126000000,0.0472172953966
69175000000,0.0295757056063
69215000000,-0.00420715174533
69262000000,-0.0164856910938
69301000000,2.3201073153e-05
69337000000,0.0105795971431
69370000000,0.0101084061914
69408000000,0.00721831513061
69454000000,0.0142115759185
69487000000,0.0258418145712
69522000000,0.0292245408601
69566000000,0.0246161482816
69611000000,0.0260213611562
69642000000,0.0272237049738
69683000000,0.0248299825844
69724000000,0.0224444626339
69761000000,0.0223524674793
69812000000,0.0236562602672
69868000000,0.0234740811917
69906000000,0.0213295753704
69937000000,0.0193098412705
69972000000,0.0188879523383
70013000000,0.0191899374856
70048000000,0.0187929001756
70075000000,0.0176095289523
70107000000,0.0167038239854
70142000000,0.0161307986142
70180000000,0.0157614798869
70204000000,0.0148610130889
70241000000,0.0142898865184
70273000000,0.0135104653786
70303000000,0.0127800597281
70336000000,0.0120320072956
70364000000,0.0112542289779
70397000000,0.0107517529252
70420000000,0.0100745624
70449000000,0.009715409701
70482000000,0.0091580105702
70506000000,0.00833455470182
70537000000,0.00786012742307
70570000000,0.00720889685879
70602000000,0.00666864675966
70621000000,0.00584152098599
70646000000,0.00527086817056
70670000000,0.00529424901965
70693000000,0.004869993902
70722000000,0.00424823844835
70749000000,0.00387480736862
70778000000,0.0030434755273
70810000000,0.00241497556064
70845000000,0.00163918019931
70869000000,0.000878440927766
70904000000,0.000507312947108
70931000000,-0.000151450939665
70958000000,-0.000464691159211
70987000000,-0.00103516424567
71016000000,-0.001738779603
71047000000,-0.00211544765606
71082000000,-0.00293161236075
71143000000,-0.00361929477345
71196000000,0.0763807052265
71252000000,0.156380705227
71298000000,0.236380705227
71319000000,0.29
71372000000,0.29
71409000000,0.29
71449000000,0.29
71479000000,0.225957532869
71518000000,0.145957532869
71554000000,0.0659575328685
71575000000,-0.0140424671315
71642000000,-0.0940424671315
71674000000,-0.174042467131
71731000000,-0.240426898797
71774000000,-0.227063066593
71821000000,-0.225711505479
71850000000,-0.193236488432
71901000000,-0.16792341202
71942000000,-0.106048653218
71973000000,-0.0607383493165
72010000000,-0.0585656663104
72048000000,-0.0511953519998
72083000000,-0.0332229411675
72116000000,-0.0148975990857
72166000000,-0.00764467470558
72193000000,-0.00913133953522
72217000000,-0.00872708960283
72230000000,-0.00546236623816
72255000000,-0.00450877984623
72295000000,-0.00619557121514
72338000000,-0.00792775569537
72380000000,-0.00933411863495
72413000000,-0.0101851263879
72447000000,-0.0104333432512
72475000000,-0.0107185884711
72520000000,-0.0122826902457
72550000000,-0.0122557505879
72590000000,-0.0109943001408
72632000000,-0.0108072373424
72671000000,-0.0118570237863
72710000000,-0.0127105867903
72747000000,-0.0124974968015
72777000000,-0.0119130657819
72821000000,-0.0116314400653
72858000000,-0.0121036027722
72897000000,-0.0127943407108
72940000000,-0.0125567654805
72982000000,-0.0117446645605
73015000000,-0.0113249156709
73054000000,-0.0114549501724
73085000000,-0.0126475373105
73121000000,-0.0124430555644
73164000000,-0.0114054562063
73197000000,-0.0106789344089
73239000000,-0.0117198901778
73271000000,-0.0116863401242
73293000000,-0.0110282589244
73325000000,-0.0115373003433
73354000000,-0.0114149871546
73379000000,-0.0109499966617
73404000000,-0.0109750425148
73424000000,-0.011782637358
73488000000,-0.0116707070956
73506000000,-0.0111638132175
73525000000,-0.0110426991364
73568000000,-0.0113623543745
73628000000,-0.0113731199546
73680000000,-0.0112901385127
73721000000,-0.0111427376482
73739000000,-0.0111273883449
73776000000,-0.0115639205253
73866000000,-0.0111055213653
73892000000,-0.0100712476834
73914000000,-0.00974231306431
73952000000,-0.00994538730439
73994000000,-0.0101670157395
74013000000,-0.0107531320755
74038000000,-0.0112827232302
74082000000,-0.0108811241917
74111000000,-0.0101953380069
74134000000,-0.0103385950854
74170000000,-0.0111669120344
74192000000,-0.0117027859303
74234000000,-0.0109466130581
74268000000,-0.0102606711895
74309000000,-0.0109910701921
74342000000,-0.0115641369832
74377000000,-0.0115495992911
74418000000,-0.0108574094304
74463000000,-0.0106626710014
74498000000,-0.0105505810581
74545000000,-0.0105592958062
74579000000,-0.0113266793059
74607000000,-0.0107168270069
74667000000,-0.00987681898671
74708000000,-0.00960892165518
74752000000,-0.009789623509
74806000000,-0.010169343795
74829000000,-0.0105001812329
74872000000,-0.0107650944244
74894000000,-0.0103206776374
74937000000,-0.00989875393378
74972000000,-0.00987252390633
75000000000,-0.0099836961835
75027000000,-0.0102078424097
75055000000,-0.0102207426201
75086000000,-0.010086575942
75118000000,-0.0100008677996
75151000000,-0.00994209565092
75183000000,-0.0100337878257
75208000000,-0.0100397068896
75239000000,-0.00998667739611
75275000000,-0.0102433057751
75316000000,-0.00997227204192
75346000000,-0.00976438690966
75406000000,-0.00967432331578
75457000000,-0.00973848705845
75481000000,-0.00989987520006
75504000000,-0.00987749213613
75535000000,-0.00979215990344
75579000000,-0.00970691910167
75616000000,-0.00966050008772
75651000000,-0.00962325983052
75678000000,-0.00960570495084
75717000000,-0.00964374838905
75753000000,-0.0100620197186
75801000000,-0.00962481732613
75839000000,-0.00912356444131
75876000000,-0.008970729212
75917000000,-0.0102681119049
75927000000,-0.00985142336741
75964000000,-0.0107941369314
75997000000,-0.00897530749912
76038000000,-0.00786710810459
76080000000,-0.00840858057913
76110000000,-0.00987986557471
76150000000,-0.0112834392886
76190000000,-0.00950020112904
76224000000,-0.00761016490038
76244000000,-0.00778189164318
76287000000,-0.00952728331353
76315000000,-0.0105066588971
76347000000,-0.00951169987482
76376000000,-0.0081668949867
76426000000,-0.00830453921679
76454000000,-0.0096055150844
76498000000,-0.0100477457667
76537000000,-0.00862042368588
76589000000,-0.00810784287408
76632000000,-0.00989394325377
76677000000,-0.0101578495854
76698000000,-0.0080523556568
76730000000,-0.00773508080133
76764000000,-0.00941559265883
76796000000,-0.0102515144701
76832000000,-0.00890639046379
76864000000,-0.00755050937776
76879000000,-0.00813866572482
76909000000,-0.0114033026159
76972000000,-0.009042682669
77025000000,-0.00464623958503
77075000000,-0.00517271409585
77099000000,-0.0103989842409
77179000000,-0.0116611701402
77224000000,-0.00443522554333
77281000000,-0.00461294584172
77333000000,-0.0154356225002
77380000000,-0.0146389386769
77440000000,-0.00394697509087
77467000000,-0.000635476484664
77496000000,-0.00963111681943
77542000000,-0.0135617582271
77597000000,-0.00696919306735
77638000000,-0.00159510959843
77689000000,-0.00647521029208
77727000000,-0.0132037153306
77778000000,-0.0111746622146
77800000000,-0.00452821539752
77829000000,-0.00511020508752
77865000000,-0.00959543987534
77904000000,-0.0132824354954
77935000000,-0.00736060014104
77984000000,-0.00375875585261
78028000000,-0.00774328327119
78082000000,-0.0118742283551
78125000000,-0.0102180075151
78166000000,-0.0057050807036
78212000000,-0.0054576419569
78238000000,-0.00967228046005
78280000000,-0.010352855477
78322000000,-0.00719024984854
78359000000,-0.00553160272436
78405000000,-0.00765888091567
78466000000,-0.00984785287931
78517000000,-0.00856320586803
78564000000,-0.00591919932963
78605000000,-0.00615065422404
78651000000,-0.00855405751347
78696000000,-0.00955911330701
78739000000,-0.00754870991072
78779000000,-0.00580944045786
78820000000,-0.007208208405
78861000000,-0.00898743022401
78889000000,-0.00845217817697
78925000000,-0.00673307961427
78953000000,-0.0066872754997
78970000000,-0.0080625063826
79002000000,-0.00824398697752
79031000000,-0.00711264570236
79052000000,-0.00666442159582
79083000000,-0.00739056294046
79118000000,-0.00808052884078
79147000000,-0.00759261148029
79172000000,-0.00695162803408
79206000000,-0.00717734966795
79244000000,-0.00870171788942
79276000000,-0.00762945879479
79305000000,-0.00610116250856
79347000000,-0.00674928340934
79379000000,-0.0100785613317
79425000000,-0.00765021157646
79468000000,-0.00334751272481
79511000000,-0.00465270317316
79556000000,-0.00983171269973
79599000000,-0.010360372249
79643000000,-0.00159611529887
79691000000,-0.00240361173044
79721000000,-0.0173746914258
79767000000,-0.0142547679648
79808000000,0.00259080590081
79848000000,0.00515633779001
79882000000,-0.0111761117462
79909000000,-0.0191601328445
79953000000,-0.0047251441871
79985000000,0.00691432956215
80017000000,-0.00453349111189
80049000000,-0.0212195526393
80098000000,-0.0136148468602
80143000000,0.00892948689115
80170000000,0.00815587071552
80199000000,-0.015581960288
80221000000,-0.0202158387126
80248000000,0.00165615792666
80293000000,0.0121031240201
80333000000,-0.00722400006521
80351000000,-0.0235703962245
80376000000,-0.00961249086725
80390000000,0.0100527622224
80414000000,0.00174806781647
80460000000,-0.0219414343829
80484000000,-0.0219553302952
80519000000,0.000411723197043
80597000000,0.0106106453346
80650000000,-0.012580535995
80695000000,-0.0396337223986
80739000000,-0.0237191894845
80783000000,0.0202787597594
80820000000,0.0251114916824
80875000000,-0.0246720516093
80897000000,-0.0581314886787
80919000000,-0.0147794492046
80956000000,0.0330899593094
80997000000,0.0081583280085
81014000000,-0.0520595063146
81034000000,-0.0403393206065
81075000000,0.0224273328685
81105000000,0.0367247702139
81136000000,-0.0221318545448
81173000000,-0.0563418777089
81209000000,-0.00738829760681
81256000000,0.0415146639142
81297000000,0.0136042689106
81348000000,-0.0476807489439
81381000000,-0.0451859985458
81433000000,0.0161892541004
81468000000,0.044512864215
81512000000,-0.0107698792369
81547000000,-0.0630959033206
81595000000,-0.0193056577044
81639000000,0.054919232157
81683000000,0.0347117875238
81746000000,-0.0452882124762
81781000000,-0.0845252160754
81813000000,-0.00894127844872
81843000000,0.0504335192261
81868000000,-0.00920495090001
81908000000,-0.07768301538
82000000000,-0.0293820037569
82060000000,0.0506179962431
82115000000,0.109871537656
82153000000,0.0298715376555
82184000000,-0.0501284623445
82226000000,-0.0433269831498
82281000000,0.0342810023156
82317000000,0.0550085406802
82356000000,-0.0249914593198
82382000000,-0.079102316509
82418000000,-0.0160212134286
82466000000,0.0547909349961
82507000000,0.00742747456087
82538000000,-0.0725725254391
82586000000,-0.0474592537412
82625000000,0.0325407462588
82655000000,0.0414209255286
82699000000,-0.0336528725091
82732000000,-0.0635410914734
82767000000,0.00311169545637
82792000000,0.0456589436721
82823000000,-0.00885437577661
82863000000,-0.0575846261359
82893000000,-0.0128297291524
82923000000,0.0413626565127
82947000000,0.00926799771127
82987000000,-0.0466783443448
83015000000,-0.0309985814172
83044000000,0.0215667309909
83064000000,0.0179568953532
83109000000,-0.0215904728823
83139000000,-0.0329749629527
83174000000,0.00303433352049
83233000000,0.0228756155885
83282000000,-0.00769760025894
83326000000,-0.0399444589876
83350000000,-0.0178455659324
83370000000,0.0102176326295
83391000000,-0.00161518009897
83411000000,-0.0275208489663
83442000000,-0.0199879116312
83482000000,0.0110801259192
83529000000,0.0128290754231
83564000000,-0.0208683104708
83634000000,-0.0340775750625
83671000000,0.00330501098976
83711000000,0.0310672998767
83739000000,-0.00210400778205
83783000000,-0.043677886265
83824000000,-0.0193637118319
83865000000,0.037966630869
83903000000,0.0267289519088
83930000000,-0.0376676122038
83973000000,-0.0410580139888
84011000000,0.0264364551628
84049000000,0.0488163129715
84084000000,-0.0209887965665
84127000000,-0.0655925556299
84167000000,-0.000702462004784
84188000000,0.0642462717252
84222000000,0.00508843128307
84255000000,-0.0749115687169
84283000000,-0.0356499368666
84325000000,0.0442343930177
84365000000,0.0336472352459
84402000000,-0.0463527647541
84441000000,-0.0660824563761
84476000000,0.0139175436239
84519000000,0.0554923085418
84576000000,-0.01694164588
84608000000,-0.0917627739995
84656000000,-0.0243514075546
84681000000,0.0556485924454
84699000000,0.0300364114613
84749000000,-0.0224996605815
84768000000,-0.0330062459436
84795000000,0.0128668694105
84826000000,0.0342232276652
84861000000,-0.0116305533736
84913000000,-0.0413256957633
84957000000,-0.003771628568
84988000000,0.0406053858913
85045000000,0.0100598253684
85096000000,-0.0578341917446
85142000000,-0.0464360734149
85177000000,0.0335639265851
85222000000,0.0450366630419
85253000000,-0.0349633369581
85278000000,-0.0642447034461
85309000000,0.00933871590796
85357000000,0.0522912609492
85395000000,0.000638655162771
85437000000,-0.0602984362807
85485000000,-0.0236442962164
85521000000,0.0535475422006
85572000000,0.0346735381962
85611000000,-0.0453264618038
85637000000,-0.0684656308118
85662000000,0.00418120948754
85725000000,0.0437423088391
85765000000,-0.0182868813444
85804000000,-0.0748468918276
85863000000,-0.016278659918
85914000000,0.063721340082
85955000000,0.0421010767742
86005000000,-0.0378989232258
86057000000,-0.0624648133163
86111000000,0.0175351866837
86167000000,0.0817301082278
86217000000,0.00655629042931
86275000000,-0.0734437095707
86335000000,-0.0529274107983
86366000000,0.0270725892017
86405000000,0.0574474124193
86437000000,-0.0128600337804
86482000000,-0.0665208907124
86520000000,-0.00544597056453
86554000000,0.0641645344904
86604000000,0.014926070394
86648000000,-0.065073929606
86680000000,-0.0432677104868
86720000000,0.0367322895132
86758000000,0.0468577306671
86797000000,-0.0298418733767
86834000000,-0.0606431649089
86879000000,0.0050086099958
86935000000,0.0538793848004
86982000000,-0.0044952999507
87017000000,-0.0739219912574
87066000000,-0.0269480995883
87106000000,0.0530519004117
87148000000,0.0355465500135
87194000000,-0.0444534499865
87245000000,-0.0572528025329
87266000000,0.0227471974671
87313000000,0.048232495277
87340000000,-0.0262967821602
87383000000,-0.0594492764751
87434000000,0.00860556375704
87491000000,0.0686198858661
87529000000,0.00393604611587
87578000000,-0.0661828648568
87626000000,-0.0191404238707
87673000000,0.0608595761293
87722000000,0.0400187756817
87766000000,-0.0399812243183
87804000000,-0.0625583970087
87839000000,0.00660927502176
87882000000,0.0548815507966
87928000000,-0.00411602753593
87973000000,-0.0751523203313
88013000000,-0.0296906281654
88058000000,0.0503093718346
88101000000,0.0351980250468
88138000000,-0.0448019749532
88183000000,-0.054497737508
88232000000,0.0247442927086
88270000000,0.0632017161324
