%time,field
14115000000,0.00294276713881
14144000000,-0.00281865476342
14188000000,-0.00432078101502
14219000000,-0.00747767881009
14246000000,-0.00773012804929
14273000000,-0.00814271397663
14301000000,-0.0070357546846
14337000000,-0.00173658703623
14371000000,-0.00195225207743
14408000000,-0.00170159317558
14446000000,-0.00129456031822
14475000000,-0.000793023244376
14506000000,0.0047702555968
14545000000,0.00536315128389
14585000000,0.00758119928445
14623000000,0.00162826344632
14658000000,0.00217849661252
14706000000,0.00221974565799
14739000000,0.00208797042735
14782000000,0.00186031998333
14821000000,0.0015245791588
14861000000,0.00115056371557
14876000000,0.000721331246668
14927000000,0.000275475041781
14966000000,-0.000233429895231
15007000000,-0.000836322742403
15047000000,-0.00144081966591
15084000000,-0.00201772959291
15103000000,-0.00260550444161
15148000000,-0.00312587493664
15186000000,-0.00349726766988
15224000000,-0.00388866884168
15262000000,-0.00420634549667
15300000000,-0.00438928853948
15338000000,-0.00444010947085
15370000000,-0.00435885476058
15411000000,-0.00409810185143
15446000000,-0.00373165932246
15485000000,0.00264103960617
15521000000,0.00455295888399
15560000000,0.00819384878861
15596000000,0.00884900529751
15635000000,0.00911233035813
15669000000,0.00700701853574
15708000000,0.00198561602659
15735000000,0.00200722541941
15766000000,0.0017251270053
15798000000,-0.00449993401622
15837000000,-0.00565332051662
15875000000,-0.00801183663863
15912000000,-0.00751459839015
15949000000,-0.00178099224912
15992000000,-0.0021618420577
16034000000,-0.00194869167565
16074000000,-0.00153336139844
16114000000,-0.00100694761326
16152000000,0.00459189075344
16193000000,0.0056971338694
16232000000,0.00768717079766
16273000000,0.00727648036652
16311000000,0.00244538654939
16349000000,0.00271273495679
16391000000,0.00249112952665
16433000000,0.00204752990355
16468000000,0.0015535744878
16511000000,-0.00465709202852
16549000000,-0.00584509136584
16590000000,-0.00819460978947
16632000000,-0.00771003943729
16672000000,-0.00234220469796
16712000000,-0.00264595427106
16745000000,-0.00239975726579
16780000000,-0.00202298814109
16819000000,0.00350623470888
16859000000,0.00486808989664
16901000000,0.0072539376548
16939000000,0.00713696553782
16981000000,0.00158139908124
17016000000,0.00199944118635
17055000000,0.00190551830644
17091000000,0.00162794812336
17135000000,0.00127434402742
17174000000,0.000817692448011
17215000000,0.000336530500354
17254000000,-0.000194863280707
17285000000,-0.000759060518307
17323000000,-0.00119198733403
17363000000,-0.00174379181979
17405000000,-0.00231197822723
17444000000,-0.00285533536778
17484000000,-0.00330407446692
17524000000,-0.00367335919683
17565000000,-0.00394087959611
17605000000,-0.00408967359448
17643000000,-0.00409502063298
17683000000,-0.00395335657465
17720000000,-0.0036426127036
17761000000,-0.00322380510793
17799000000,0.00366252874701
17837000000,0.00531004519253
17876000000,0.009228004938
17915000000,0.00927725747805
17955000000,0.00917605773737
17996000000,0.00227946144359
18035000000,0.00258291998298
18071000000,0.00223042366708
18115000000,-0.00399518372511
18148000000,-0.00557127068321
18189000000,-0.00798970479021
18230000000,-0.00792402155902
18271000000,-0.00172733755546
18301000000,-0.00212774526688
18340000000,-0.00202677489994
18378000000,-0.00167555249734
18418000000,-0.00123690224315
18457000000,-0.000663497104739
18503000000,0.00509669468196
18537000000,0.0060291358401
18575000000,0.0081422648779
18616000000,0.00729787288409
18655000000,0.00278175998266
18699000000,0.00301524190255
18737000000,0.00273962815223
18777000000,0.00224436518938
18818000000,-0.00411747890398
18857000000,-0.00535099928158
18902000000,-0.00843100727222
18939000000,-0.0078466467191
18980000000,-0.00713122935923
19019000000,-0.00230382707503
19058000000,-0.00233539590476
19097000000,0.00349933758432
19138000000,0.0047398389139
19176000000,0.0079365225833
19218000000,0.00745288460508
19257000000,0.00711304100315
19293000000,0.00201865612502
19338000000,0.00211837086596
19375000000,0.00169170267586
19417000000,-0.00438905114789
19461000000,-0.00562418263595
19495000000,-0.00787187770849
19525000000,-0.00761309182579
19552000000,-0.00697861719615
19586000000,-0.00226655831389
19623000000,-0.00241580463962
19660000000,-0.00215086896341
19696000000,-0.00170067826936
19730000000,0.00412005033396
19774000000,0.00527780742783
19816000000,0.00780604636634
19859000000,0.0072211118707
19896000000,0.00196874451838
19936000000,0.00232631382165
19977000000,0.00214320350387
20016000000,0.00174086827728
20056000000,0.0012603205933
20094000000,0.000715088413176
20133000000,-0.00521622123036
20172000000,-0.00595152485805
20213000000,-0.00823999486707
20254000000,-0.00730321618461
20291000000,-0.00274797670354
20334000000,-0.00293486289314
20371000000,-0.00262123625797
20411000000,0.00289959207106
20450000000,0.00424634051676
20492000000,0.00723496731311
20531000000,0.00698474240937
20571000000,0.00676872079142
20610000000,0.00168077163712
20645000000,0.00182121313886
20681000000,0.00150604975339
20725000000,0.00100877113667
20765000000,-0.00471251777938
20805000000,-0.00539079285061
20846000000,-0.00778907803883
20885000000,-0.00177168923222
20925000000,-0.00235557866794
20960000000,-0.00239795563271
21002000000,-0.00224862509277
21042000000,-0.00200142616622
21082000000,-0.00165026056163
21122000000,-0.00120428788336
21160000000,-0.000684421905674
21201000000,0.00490106813283
21237000000,0.00570613544396
21277000000,0.00811405262304
21316000000,0.00726587790336
21354000000,0.00266599757671
21392000000,0.00294751190428
21429000000,0.00275270092697
21469000000,0.0023464796135
21498000000,0.00187682352474
21536000000,-0.0040533735581
21575000000,-0.00528460948652
21616000000,-0.00767500741585
21655000000,-0.00758578223734
21695000000,-0.00175005714934
21734000000,-0.00218491144772
21777000000,-0.00203842073707
21816000000,-0.00168549438424
21855000000,-0.00125117375981
21894000000,-0.00076393367021
21934000000,-0.000175898647565
21974000000,0.00546892431888
22011000000,0.00642644221352
22042000000,0.00832546186397
22066000000,0.00795545146104
22094000000,0.00288843482503
22124000000,0.00323918332173
22152000000,0.00324562500338
22175000000,0.0031201569224
22226000000,0.0430354141794
22256000000,0.0197234870148
22275000000,-0.0315756982132
22313000000,-0.0495272529897
22344000000,-0.0252562995142
22378000000,-0.00370798272538
22405000000,0.00901257571817
22433000000,0.011439819652
22458000000,0.00289965061698
22473000000,-0.00402494297491
22511000000,-0.00167741132163
22552000000,0.00535667803067
22581000000,0.0102877362792
22607000000,0.00732405261636
22642000000,0.00080161823672
22681000000,-0.00223888073437
22710000000,0.00074374049971
22734000000,0.00813420449669
22771000000,0.00315788583306
22814000000,-0.00917167655065
22862000000,-0.000414781835598
22909000000,0.0213095840842
22926000000,-9.05227969307e-05
22949000000,-0.0087977190598
22973000000,0.00538288585592
23006000000,0.0161614235397
23036000000,-0.009653479233
23061000000,-0.0092633457139
23103000000,0.00866719001457
23141000000,0.0114636310732
23159000000,-0.0036956562732
23189000000,-0.00771792546075
23216000000,0.010129827704
23236000000,0.00461753556777
23290000000,-0.0132436224461
23322000000,-0.00320586740769
23354000000,0.0099848423487
23405000000,0.00775249683973
23446000000,-0.0136420574839
23499000000,-0.0141211511029
23556000000,0.00924756301652
23603000000,0.0207624783326
23654000000,-0.00287575378512
23695000000,-0.0271862661045
23748000000,-0.00667639591218
23783000000,0.0322988271052
23815000000,0.0225492793399
23853000000,-0.0211232595342
23889000000,-0.0262933119572
23915000000,0.0174586552498
23938000000,0.0315241482188
23975000000,-0.00923705135102
24007000000,-0.037443032917
24042000000,-0.00713196194628
24079000000,0.0314504461196
24118000000,0.0173377745354
24140000000,-0.0295537000974
24185000000,-0.0271555131457
24218000000,0.0220531056532
24272000000,0.0363615311342
24312000000,-0.00969124036076
24345000000,-0.0425943279745
24379000000,-0.00820025609592
24416000000,0.0378167998285
24449000000,0.0236979449124
24483000000,-0.0278014168883
24519000000,-0.0317754997598
24540000000,0.0215202837026
24571000000,0.036604591989
24606000000,-0.0131352182351
24640000000,-0.0435570245326
24675000000,0.000695968898599
24704000000,0.0465481485567
24740000000,0.0172329364404
24767000000,-0.0388901080346
24818000000,-0.0246841694766
24851000000,0.0439544563159
24880000000,0.0459881038391
24907000000,-0.0273768226631
24941000000,-0.0472041227782
24981000000,0.026495996601
25015000000,0.0682011103799
25044000000,0.000802411838352
25079000000,-0.0552079653091
25116000000,-0.00376197838682
25149000000,0.0598849340758
25175000000,0.0217687767675
25225000000,-0.042621308517
25274000000,-0.031618118959
25308000000,0.0429034240895
25338000000,0.0471297168239
25385000000,-0.0295022155445
25424000000,-0.057359445706
25474000000,0.0166164192885
25516000000,0.0740934875114
25565000000,0.00712465113845
25614000000,-0.0728753488615
25677000000,-0.0407821916559
25735000000,0.0392178083441
25796000000,0.0789253512458
25851000000,-0.0010746487542
25900000000,-0.0810746487542
25946000000,-0.0350670607511
26002000000,0.0449329392489
26056000000,0.0645480130582
26096000000,-0.0108577107954
26147000000,-0.0639648907564
26232000000,-0.00309375700036
26271000000,0.0769062429996
26311000000,0.054811785012
26354000000,-0.025188214988
26404000000,-0.0498263907289
26475000000,0.0183926945801
26550000000,0.0856580215448
26578000000,0.0212913522237
26628000000,-0.0571314160019
26661000000,-0.0237790292157
26700000000,0.0562209707843
26767000000,0.035849051056
26812000000,-0.044150948944
26861000000,-0.076374009309
26899000000,-0.0056251355
26950000000,0.054300228892
26999000000,0.00498687594977
27059000000,-0.0722097769288
27123000000,-0.036880117634
27148000000,0.043119882366
27180000000,0.0560630103417
27236000000,-0.00443701542558
27294000000,-0.0516924088751
27336000000,-0.00423272760066
27369000000,0.0630741079435
27435000000,0.0228650265585
27468000000,-0.0571349734415
27500000000,-0.0588761939991
27557000000,0.00943304192735
27621000000,0.0574855648676
27666000000,0.00122995664314
27698000000,-0.0571852191172
27742000000,-0.0171356699718
27769000000,0.0518410346439
27801000000,0.0267127223102
27848000000,-0.0370484612452
27885000000,-0.0338838776025
27911000000,0.0226664176273
27937000000,0.0293675669219
27981000000,-0.0183346495232
28020000000,-0.0384998811306
28048000000,0.00814813636181
28089000000,0.0322505270542
28126000000,-0.00702924796206
28159000000,-0.0378654849217
28173000000,-0.00517705219853
28208000000,0.021682634779
28250000000,7.69951481186e-06
28279000000,-0.0270140455816
28317000000,-0.00830935633071
28339000000,0.024163929537
28372000000,0.0115421903689
28404000000,-0.020745680346
28433000000,-0.015067969425
28479000000,0.0158944477486
28517000000,0.0213288677813
28561000000,-0.00833421970629
28610000000,-0.0266355506877
28643000000,0.000303857901895
28682000000,0.0256591628612
28724000000,0.00436730998867
28747000000,-0.0287749027024
28776000000,-0.0131070829626
28823000000,0.0226360613981
28873000000,0.0195409838522
28931000000,-0.0216872909023
28954000000,-0.0380011216385
29009000000,-0.000477041541682
29052000000,0.0417823588895
29088000000,0.0177528316151
29103000000,-0.0366859642974
29119000000,-0.0225145861174
29159000000,0.0302253821955
29196000000,0.0282649795876
29234000000,-0.0275124379504
29274000000,-0.0410677407293
29313000000,0.0184698830254
29340000000,0.051721242378
29384000000,-0.00343898983926
29414000000,-0.0585869238883
29450000000,-0.0147283521998
29489000000,0.0652716478002
29507000000,0.038357646109
29535000000,-0.037242842328
29568000000,-0.0277427754165
29627000000,0.0468596241399
29691000000,0.0550799899694
29727000000,-0.0249200100306
29772000000,-0.0667802775187
29815000000,0.00744149455619
29853000000,0.0731961093679
29919000000,0.0111719161892
29965000000,-0.0688280838108
30002000000,-0.0692217368368
30047000000,0.0107782631632
30092000000,0.054767413781
30142000000,-0.0078383445009
30185000000,-0.0779443797481
30220000000,-0.0245211193923
30275000000,0.0554788806077
30335000000,0.034156301362
30374000000,-0.045843698638
30419000000,-0.0678665974429
30446000000,0.0121334025571
30493000000,0.0496776111416
30547000000,-0.0152986429992
30583000000,-0.0783215476242
30640000000,-0.0235958925554
30677000000,0.0564041074446
30703000000,0.0528572236208
30769000000,-0.0142743170368
30798000000,-0.0507728352682
30843000000,0.00970004509178
30907000000,0.0631704607791
30952000000,0.00739111566679
31006000000,-0.0726088843332
31036000000,-0.039750521937
31082000000,0.040249478063
31140000000,0.044039134064
31168000000,-0.035960865936
31195000000,-0.0514118089955
31236000000,0.0152847488629
31265000000,0.0525493914282
31292000000,0.00334792198138
31318000000,-0.0381445813038
31341000000,-0.000767762557547
31374000000,0.0373917673559
31416000000,0.00953019019985
31443000000,-0.0332222175758
31476000000,-0.0152659100467
31517000000,0.0268974028108
31554000000,0.0201375360928
31602000000,-0.0244343898074
31642000000,-0.0362435606371
31676000000,0.0168458048307
31704000000,0.0408692635403
31747000000,-0.00691912703567
31791000000,-0.0475811214804
31825000000,-0.00766396416612
31855000000,0.0440942317486
31886000000,0.0159231391598
31917000000,-0.0411713650484
31940000000,-0.0240147639165
31988000000,0.031418679628
32032000000,0.0310457244713
32058000000,-0.0292772189023
32096000000,-0.0384934865728
32150000000,0.0252652178576
32188000000,0.0559877056158
32226000000,-0.0114076858002
32273000000,-0.0585782169114
32328000000,2.52845537958e-05
32359000000,0.0750358962264
32407000000,0.0266163457319
32450000000,-0.0533836542681
32488000000,-0.0520659845994
32535000000,0.0279340154006
32566000000,0.059208500003
32605000000,-0.00591429182068
32670000000,-0.0561300893456
32715000000,-9.99244980698e-05
32768000000,0.0760156535103
32824000000,0.030505508796
32885000000,-0.049494491204
32938000000,-0.0714237433081
32997000000,0.0085762566919
33046000000,0.0885762566919
33098000000,0.0283203220303
33135000000,-0.0516796779697
33187000000,-0.0601012851318
33219000000,0.0198987148682
33267000000,0.0550816871991
33293000000,-0.0169025818222
33343000000,-0.0604168581474
33384000000,0.00318559742678
33407000000,0.0610215337543
33438000000,0.00985732604444
33456000000,-0.0575129815269
33502000000,-0.0139050058356
33544000000,0.0634485263647
33578000000,0.0378205211133
33620000000,-0.0421794788867
33652000000,-0.0390891101498
33684000000,0.0190499845204
33715000000,0.0208599884317
33763000000,-0.0300414526457
33787000000,-0.0457037255315
33825000000,0.0018359856994
33853000000,0.0331032743276
33905000000,-0.00568205272679
33958000000,-0.0492545381325
34024000000,-0.016304767258
34064000000,0.0629914510667
34106000000,0.0472951170565
34143000000,-0.0327048829435
34183000000,-0.048940415747
34249000000,0.0272051763096
34288000000,0.0784679866854
34323000000,0.00926643534339
34357000000,-0.064281318241
34397000000,-0.00768439278862
34431000000,0.0723156072114
34462000000,0.0300756224705
34486000000,-0.0499243775295
34530000000,-0.0296715513979
34573000000,0.0503284486021
34622000000,0.0512508240227
34655000000,-0.0282066863346
34695000000,-0.0540346680191
34732000000,0.0118064682849
34780000000,0.0579705071824
34821000000,-0.00576488007938
34872000000,-0.0680597101961
34887000000,-0.0172980475953
34914000000,0.0490158472533
34944000000,0.0126244905355
34983000000,-0.0522595616453
35035000000,-0.0295965875465
35060000000,0.0504034124535
35097000000,0.0422372062703
35148000000,-0.0377627937297
35203000000,-0.054024133036
35233000000,0.025975866964
35253000000,0.0577101671398
35286000000,-0.0113985343533
35328000000,-0.0508899955252
35375000000,-0.0111871664607
35406000000,0.0302151186803
35457000000,0.0122125155908
35508000000,-0.03272302696
35537000000,-0.0256121552936
35569000000,0.0200237883801
35605000000,0.0249832886116
35651000000,-0.0151705890846
35676000000,-0.0318743142769
35719000000,0.00311462130452
35746000000,0.0341121702822
35802000000,0.00798181045147
35827000000,-0.0360775858889
35859000000,-0.0219080018853
35890000000,0.0195917674502
35959000000,0.0192275586401
35996000000,-0.0291413274724
36018000000,-0.037051130551
36032000000,0.0101265545848
36093000000,0.0269015765899
36137000000,-0.0181716976877
36180000000,-0.0462961847101
36237000000,0.000904945464776
36259000000,0.0592349043299
36279000000,0.0194566663106
36313000000,-0.0305066893199
36358000000,-0.00962200791834
36402000000,0.0510789000297
36437000000,0.0330118104811
36473000000,-0.041419012075
36515000000,-0.0427401203452
36551000000,0.0361523210734
36602000000,0.0581861601948
36645000000,-0.0218138398052
36694000000,-0.0771683117435
36748000000,-0.00378121252364
36792000000,0.0762187874764
36838000000,0.0395029402371
36861000000,-0.0404970597629
36916000000,-0.0554420991848
36957000000,0.0245579008152
37006000000,0.0531292125772
37053000000,-0.0144672275834
37089000000,-0.0673575014297
37133000000,-0.0111766999451
37175000000,0.0662029102235
37219000000,0.0147469389672
37267000000,-0.0652530610328
37313000000,-0.0400166795288
37360000000,0.0399833204712
37396000000,0.053909805718
37451000000,-0.0238106196458
37500000000,-0.0668169818829
37537000000,0.0111976239102
37592000000,0.0731946754152
37645000000,0.00910583455286
37692000000,-0.0708941654471
37721000000,-0.0422634213479
37767000000,0.0377365786521
37813000000,0.0362946232394
37859000000,-0.0412025195517
37912000000,-0.0602979223265
37958000000,0.0197020776735
38005000000,0.0770440493615
38026000000,0.00547752633084
38055000000,-0.056024038887
38096000000,0.00563378121243
38131000000,0.0692706442658
38174000000,0.0233144991768
38228000000,-0.0566855008232
38269000000,-0.04472568465
38310000000,0.03527431535
38348000000,0.0495157982592
38387000000,-0.0209559495925
38438000000,-0.0487940180399
38487000000,0.0187139589348
38527000000,0.064295046265
38552000000,0.00303047088073
38601000000,-0.0450709511272
38642000000,-0.0010900565248
38693000000,0.0599598228723
38749000000,0.0285050531636
38788000000,-0.0514949468364
38831000000,-0.048676071571
38876000000,0.029094185436
38911000000,0.0554344349235
38954000000,-0.0168276254284
39002000000,-0.0660868640667
39062000000,-0.000454919730814
39115000000,0.0795450802692
39166000000,0.0371142229085
39208000000,-0.0428857770915
39246000000,-0.0528969493103
39293000000,0.0271030506897
39339000000,0.059706564142
39387000000,-0.0165859525886
39439000000,-0.0720315305079
39462000000,-0.00576728886621
39521000000,0.0662655478572
39546000000,0.0188775072404
39584000000,-0.0508159229088
39624000000,-0.0205618557452
39655000000,0.0534210986366
39674000000,0.0367414017009
39694000000,-0.0301615232259
39738000000,-0.0208560082434
39769000000,0.0447952161592
39816000000,0.0448962637854
39846000000,-0.0290930117261
39854000000,-0.0408330225708
39879000000,-0.10778514753
39914000000,-0.0277851475305
39948000000,0.0522148524695
39980000000,0.102652887878
40028000000,0.0345733762863
40053000000,-0.0454266237137
40088000000,-0.0160244270071
40119000000,0.0442546508359
40148000000,0.0334867197829
40163000000,-0.0286269593566
40242000000,-0.0210112413453
40285000000,0.0239246787161
40330000000,0.0305280614301
40351000000,-0.0188333072372
40373000000,-0.0113081758646
40405000000,0.0110196553167
40444000000,0.0100438410408
40487000000,-0.0128719975928
40529000000,-0.0186975322034
40561000000,0.00149369978959
40587000000,0.0130744963547
40618000000,-0.0039261546324
40654000000,-0.01702693011
40687000000,-0.00348440246585
40727000000,0.0115199941316
40752000000,0.00282096486502
40789000000,-0.0112390120004
40819000000,-0.00500252986648
40859000000,0.0100132751756
40897000000,0.00710635914875
40931000000,-0.00795428186506
40967000000,-0.00907449479705
41003000000,0.014214588563
41052000000,0.0108727132692
41082000000,-0.0158534773551
41121000000,-0.017378777664
41170000000,0.0104469728489
41199000000,0.0207064711461
41231000000,-0.00661435580747
41270000000,-0.0220297376108
41318000000,0.00318361928727
41363000000,0.0299261270889
41391000000,0.00803842536271
41434000000,-0.0275118355969
41480000000,-0.016872942027
41523000000,0.0247617796173
41559000000,0.0263959085323
41600000000,-0.0207127244143
41638000000,-0.0361357939828
41672000000,0.0134583958427
41710000000,0.0413962923238
41746000000,-0.00714948842776
41788000000,-0.0486516146358
41830000000,-0.00687993988501
41871000000,0.0502177233686
41914000000,0.0254791519281
41955000000,-0.0441713985837
41998000000,-0.0422401747181
42034000000,0.0354907854962
42077000000,0.0555461188526
42119000000,-0.0244538811474
42166000000,-0.0758893709423
42204000000,-0.00163540869514
42249000000,0.0753690483175
42298000000,0.018161221304
42328000000,-0.061838778696
42368000000,-0.0482934745256
42415000000,0.0317065254744
42467000000,0.0459181434458
42505000000,-0.0218602888846
42545000000,-0.0564629847996
42587000000,0.00759881882579
42627000000,0.068993495924
42670000000,0.0137089670936
42719000000,-0.0662910329064
42770000000,-0.0205126807656
42798000000,0.0594873192344
42831000000,0.0370506325403
42886000000,-0.0364317916877
42928000000,-0.0448131850143
42981000000,0.0285728291006
43019000000,0.0632632557374
43061000000,-0.0102427831117
43097000000,-0.0632903118273
43140000000,-0.00175840860705
43185000000,0.0707296577724
43222000000,0.0201383531097
43255000000,-0.0598616468903
43304000000,-0.0376401386164
43359000000,0.0408344296481
43399000000,0.0575628869553
43444000000,-0.0224371130447
43487000000,-0.0634351879068
43547000000,0.0099985929632
43583000000,0.0899985929632
43638000000,0.0335027444334
43683000000,-0.0464972555666
43725000000,-0.0678656065391
43772000000,0.00514357606258
43825000000,0.0631902296012
43876000000,0.0010638665256
43915000000,-0.0767380976011
43966000000,-0.0260232857625
44005000000,0.0539767142375
44043000000,0.0455760874782
44097000000,-0.0344239125218
44153000000,-0.0565582645736
44204000000,0.0234417354264
44253000000,0.0772672084144
44303000000,0.000109360001621
44350000000,-0.0798906399984
44421000000,-0.0240194867881
44482000000,0.0559805132119
44533000000,0.0797150018329
44595000000,-0.00028499816706
44658000000,-0.0802849981671
44745000000,-0.0304646872767
44809000000,0.0495353127233
44854000000,0.100573200227
44893000000,0.027539266377
44949000000,-0.052460733623
45036000000,-0.044512103236
45120000000,0.035487896764
45183000000,0.114663632265
45233000000,0.0366079045858
45285000000,-0.0433920954142
45334000000,-0.0629168498423
45368000000,0.000239091172521
45405000000,0.0418696236219
45457000000,-0.00619192139346
45496000000,-0.073848213743
45540000000,-0.0288611594173
45595000000,0.0501682178777
45632000000,0.0361882652469
45669000000,-0.0413765132606
45718000000,-0.03836235556
45763000000,0.040101927421
45809000000,0.0598210029576
45858000000,-0.0194012624031
45910000000,-0.06242293254
45962000000,0.00862328509165
45996000000,0.0705301932485
46053000000,0.0105417651824
46113000000,-0.0694582348176
46174000000,-0.0492104619558
46227000000,0.0307895380442
46273000000,0.0726584666941
46313000000,0.00889436844671
46353000000,-0.0550709268616
46389000000,-0.0122000965772
46421000000,0.0520549774604
46458000000,0.0242428916719
46505000000,-0.0488666983324
46543000000,-0.0386753136981
46576000000,0.0351769822544
46631000000,0.0409122497297
46692000000,-0.0360987128536
46714000000,-0.0598157420142
46744000000,-0.038510588477
46771000000,0.0298796079889
46812000000,0.0205171421543
46857000000,-0.0436028835768
46900000000,-0.0470044480104
46936000000,0.0268295520544
46975000000,0.0532401858366
47011000000,-0.0116008620484
47048000000,-0.0531742088557
47080000000,0.00617941584116
47123000000,0.0536235862373
47155000000,0.00573913051737
47191000000,-0.045269488653
47228000000,-0.0132017741713
47257000000,0.0424926687686
47291000000,0.0221452857086
47337000000,-0.0392326127924
47375000000,-0.0396545384041
47421000000,0.0319204458045
47459000000,0.0475973644466
47489000000,-0.0234990100738
47520000000,-0.0407587151076
47561000000,0.020742407049
47601000000,0.0512569759309
47653000000,-0.00730774514504
47685000000,-0.0598101644501
47719000000,-0.0148697077417
47764000000,0.0388555493695
47799000000,0.0175956040785
47845000000,-0.0338889133798
47897000000,-0.0358788387094
47939000000,0.0292313646329
47970000000,0.0470446048754
47998000000,-0.0167283666732
48027000000,-0.0386685378513
48085000000,0.020260164114
48116000000,0.0721212698039
48151000000,0.00614096450606
48187000000,-0.0655903815225
48231000000,-0.0152965919158
48273000000,0.0647034080842
48315000000,0.0375180393373
48338000000,-0.0424819606627
48372000000,-0.0415479407474
48389000000,0.0331599009537
48421000000,0.0378535947121
48447000000,-0.0229997005098
48477000000,-0.0359549283288
48516000000,0.0192791439823
48556000000,0.0394030042485
48588000000,-0.0141803132068
48626000000,-0.0359191101226
48671000000,0.0050589461676
48708000000,0.0389879514789
48745000000,0.0061248586576
48791000000,-0.0341241055054
48816000000,-0.0142383854509
48848000000,0.0230179092896
48886000000,0.0155272404806
48922000000,-0.0196947360803
48946000000,-0.0280011666567
48986000000,0.00836132759782
49028000000,0.0308906827555
49058000000,-0.00467227271467
49091000000,-0.0325321045053
49133000000,-0.0101683009325
49157000000,0.0245041721208
49223000000,0.00978867249321
49286000000,-0.0399095424545
49327000000,-0.0400409811993
49354000000,0.0179673148897
49382000000,0.0313556575848
49421000000,-0.0213512237878
49461000000,-0.0474193107565
49506000000,0.00716037981614
49536000000,0.0590254739347
49564000000,0.0150188603143
49605000000,-0.0483717358549
49633000000,-0.0231584578585
49675000000,0.0416722273695
49699000000,0.0347713729263
49747000000,-0.0327206816263
49777000000,-0.0491093860619
49810000000,0.0212431500269
49842000000,0.0469344596214
49872000000,-0.0118388686267
49914000000,-0.0468507544906
49948000000,0.0062638098708
49978000000,0.0568764661177
50011000000,0.0112962169844
50042000000,-0.0500387273177
50081000000,-0.0160521855082
50126000000,0.0604483076945
50164000000,0.045765154888
50208000000,-0.034234845112
50259000000,-0.0574835286151
50291000000,0.0225164713849
50334000000,0.0631736468974
50373000000,-0.0123531574085
50408000000,-0.077551408016
50442000000,-0.0128656543983
50494000000,0.0671343456017
50531000000,0.0273490946558
50567000000,-0.0526509053442
50593000000,-0.0452118956844
50622000000,0.028796429397
50641000000,0.0336396766625
50664000000,-0.0236671989763
50705000000,-0.033364229991
50732000000,0.0167725588671
50762000000,0.0372109874328
50819000000,-0.00808340996146
50854000000,-0.0510310938697
50887000000,-0.0152598673773
50917000000,0.0383448318764
50960000000,0.0175462386288
51003000000,-0.0430499556182
51038000000,-0.0345404536924
51064000000,0.0339675805226
51084000000,0.0339385912562
51120000000,-0.0305827649274
51147000000,-0.0443032635978
51178000000,0.011015958934
51206000000,0.0395461419648
51231000000,-0.00707387663759
51253000000,-0.0415863370172
51270000000,0.00200255554127
51305000000,0.0388235693509
51345000000,0.00296966984817
51375000000,-0.0440538879707
51394000000,-0.0194532919033
51431000000,0.0273861381672
51466000000,0.0179094630527
51513000000,-0.0193552445165
51533000000,-0.0247385172569
51568000000,0.00893587785619
51606000000,0.0241708945815
51630000000,-0.00629089437161
51667000000,-0.025921876805
51708000000,0.00412388309685
51736000000,0.0337465612497
51784000000,0.0101921851547
51823000000,-0.0317321013534
51856000000,-0.0235530930764
51896000000,0.01717688789
51944000000,0.0270391747537
51977000000,-0.011486558178
52013000000,-0.0340300130665
52039000000,-0.00562747183745
52092000000,0.0268231204884
52148000000,0.00887986785955
52185000000,-0.034474990389
52229000000,-0.0295357878134
52256000000,0.0178090785094
52315000000,0.0306568251483
52368000000,-0.0211018078314
52431000000,-0.0585253001472
52469000000,-0.00685023753381
52533000000,0.066209232978
52572000000,0.0370791981447
52626000000,-0.0429208018553
52664000000,-0.0668397234043
52756000000,0.0131602765957
52804000000,0.0931602765957
52856000000,0.0754026839581
52925000000,-0.00459731604188
52970000000,-0.0845973160419
53023000000,-0.0554616239491
53080000000,0.0245383760509
53125000000,0.0817355682559
53175000000,0.0128597797781
53192000000,-0.0671402202219
53235000000,-0.0318885312937
53270000000,0.0481114687063
53315000000,0.0531552519397
53337000000,-0.0251941815591
53392000000,-0.0531546692599
53420000000,0.00950017927639
53454000000,0.0493216839132
53478000000,-0.00103504185002
53514000000,-0.0457345972175
53536000000,-0.00549887821094
53569000000,0.0430846445536
53597000000,0.0104543519873
53623000000,-0.0358297192201
53650000000,-0.0141632473696
53688000000,0.0308990298696
53721000000,0.0210011188892
53769000000,-0.0196688902902
53801000000,-0.0235040860925
53815000000,0.0180732192128
53894000000,0.0299016292023
53938000000,-0.0180750346464
53965000000,-0.0440570455209
53996000000,-0.000121955886736
54039000000,0.0380850056818
54068000000,0.000406387008469
54081000000,-0.0283636534905
54123000000,0.00342586109684
54158000000,0.0501283048159
54180000000,0.0176834765797
54205000000,-0.0303589220488
54243000000,-0.00914039238446
54257000000,0.044538191866
54302000000,0.0298500889091
54322000000,-0.0428934165142
54360000000,-0.0384359408272
54400000000,0.0408196201953
54450000000,0.052405445309
54493000000,-0.027594554691
54533000000,-0.0760122074312
54581000000,-0.00256608090711
54624000000,0.0774339190929
54647000000,0.0248822937269
54692000000,-0.0551177062731
54735000000,-0.0448240857993
54777000000,0.0343612467564
54824000000,0.0540508672413
54864000000,-0.0198423820204
54894000000,-0.0635760367551
54930000000,-0.0026078405335
54959000000,0.053189265533
54995000000,0.0100975812183
55043000000,-0.0437197209317
55076000000,-0.0168390892992
55134000000,0.0405928986886
55195000000,0.0367600766154
55235000000,-0.0342220337713
55287000000,-0.0572460075768
55352000000,0.0227539924232
55394000000,0.072226830261
55444000000,0.00858232058542
55474000000,-0.0714176794146
55542000000,-0.0358741861209
55597000000,0.0441258138791
55633000000,0.0813146941122
55662000000,0.0186918172852
55708000000,-0.038098204252
55738000000,0.00226640278814
55786000000,0.054442544862
55812000000,0.0182741016704
55846000000,-0.0281337091296
55873000000,-0.00895004184101
55900000000,0.0311616774077
55932000000,0.0202302780599
55957000000,-0.0181820092082
55995000000,-0.0201601163916
56035000000,0.00304186736284
56059000000,0.0127013173733
56084000000,-0.00643559011245
56120000000,-0.0123471217399
56156000000,0.00108546252361
56186000000,0.00866605593172
56232000000,-0.000341013238084
56284000000,-0.0165552925553
56335000000,0.00046247096591
56377000000,0.0184825478691
56414000000,0.00381391227569
56446000000,-0.0191756149759
56495000000,-0.011278183024
56539000000,0.0169810135602
56578000000,0.0194639661197
56603000000,-0.00878272996061
56636000000,-0.0172173806685
56694000000,0.007818566438
56728000000,0.0342529808692
56746000000,0.0105261828862
56787000000,0.0192657708974
56823000000,-0.00470132348012
56850000000,-0.0349616450012
56881000000,-0.00956736152969
56928000000,0.025610961243
56944000000,0.0139156771832
56970000000,-0.0229041826142
56992000000,-0.0208954733683
57043000000,0.0159126490338
57099000000,0.0376674061049
57144000000,-0.00506796356351
57172000000,-0.0515579792662
57224000000,-0.0181536141827
57279000000,0.0543743699959
57326000000,0.049421614183
57367000000,-0.030578385817
57409000000,-0.0680911569472
57457000000,0.0119088430528
57484000000,0.0813375981152
57530000000,0.0136151884341
57557000000,-0.0663848115659
57594000000,-0.0394642049172
57642000000,0.0405357950828
57686000000,0.0538921693269
57710000000,-0.0209284335915
57762000000,-0.0467294243044
57806000000,0.0236917638999
57853000000,0.0682217603545
57893000000,0.00198442117009
57955000000,-0.065581226216
57988000000,-0.0212542839484
58055000000,0.0574901099938
58123000000,0.0393362960857
58163000000,-0.0406637039143
58218000000,-0.0821610655141
58266000000,-0.00216106551409
58331000000,0.0778389344859
58375000000,0.0315560521327
58425000000,-0.0484439478673
58472000000,-0.054136926806
58526000000,0.025863073194
58563000000,0.0769466628868
58634000000,0.00505823771796
58666000000,-0.074941762282
58720000000,-0.0582710950085
58768000000,0.0217289049915
58805000000,0.0622401873553
58852000000,-0.00423875195849
58893000000,-0.0619717353437
58951000000,-0.00324400345451
59012000000,0.0767559965455
59058000000,0.0437127540912
59107000000,-0.0362872459088
59152000000,-0.0557406008868
59172000000,0.0175694492044
59221000000,0.0414306334496
59261000000,-0.0270943166363
59307000000,-0.0636078402456
59328000000,0.00266625195958
59376000000,0.043661181541
59436000000,-0.00464007546258
59452000000,-0.0681780692041
59480000000,-0.024670998739
59518000000,0.0354776635283
59577000000,0.0143117161704
59607000000,-0.0495037788754
59654000000,-0.0370813266738
59695000000,0.0392791209646
59738000000,0.0481997288523
59759000000,-0.0318002711477
59812000000,-0.0468038325462
59841000000,0.0331961674538
59879000000,0.0626596854528
59938000000,-0.0119705055481
60005000000,-0.0756898566004
60061000000,-0.00866911520203
60085000000,0.071330884798
60129000000,0.0298942768282
60183000000,-0.0501057231718
60242000000,-0.0462073184551
60290000000,0.0337926815449
60296000000,0.0665896312559
60347000000,0.00110732930724
60395000000,-0.0591257206546
60440000000,-0.0163071910911
60475000000,0.0636928089089
60549000000,0.0331250409589
60614000000,-0.0468749590411
60675000000,-0.0738544351363
60737000000,0.00614556486372
60780000000,0.0861455648637
60828000000,0.0314294624373
60889000000,-0.0485705375627
60939000000,-0.0563262339271
61001000000,0.0236737660729
61064000000,0.0771531390741
61099000000,0.00512692419047
61137000000,-0.0748730758095
61209000000,-0.0237055541393
61233000000,0.0562944458607
61302000000,0.0743528438428
61356000000,0.0008293813702
61396000000,-0.073315564495
61454000000,-0.022609726422
61507000000,0.057390273578
61547000000,0.061137256633
61595000000,-0.0187853425652
61655000000,-0.0597916294
61717000000,0.0161628559776
61772000000,0.088539936619
61822000000,0.0154869846651
61886000000,-0.0645130153349
61978000000,-0.051670490775
62065000000,0.028329509225
62116000000,0.108329509225
62154000000,0.0806479147578
62195000000,0.000647914757765
62241000000,-0.0476641122188
62313000000,-0.000464361664825
62356000000,0.0740788700067
62404000000,0.0353973008295
62462000000,-0.0446026991705
62534000000,-0.0611537536681
62580000000,0.0188462463319
62643000000,0.0786743288719
62711000000,-0.00108099886064
62755000000,-0.0810809988606
62788000000,-0.051447009595
62815000000,0.0189369958129
62863000000,0.0106170527838
62937000000,-0.0490855283998
62981000000,-0.0559084568814
63028000000,-0.135908456881
63092000000,-0.215908456881
63147000000,-0.29
63207000000,-0.29
63231000000,-0.29
63267000000,-0.272833386809
63310000000,-0.192833386809
63381000000,-0.112833386809
63415000000,-0.0328333868093
63467000000,0.0471666131907
63504000000,0.127166613191
63543000000,0.207166613191
63573000000,0.287166613191
63625000000,0.29
63660000000,0.29
63687000000,0.29
63724000000,0.251842359174
63781000000,0.171842359174
63830000000,0.0918423591743
63928000000,0.0118423591743
63985000000,-0.0681576408257
64061000000,-0.148157640826
64110000000,-0.178031481292
64148000000,-0.146479125301
64186000000,-0.0916434439953
64236000000,-0.052035247556
64285000000,-0.0246231445316
64317000000,0.00214323233003
64347000000,0.0160579246148
64365000000,0.0160324815041
64401000000,0.0137172161004
64432000000,0.00745585300764
64465000000,0.00377776077881
64492000000,0.000276732443076
64507000000,-0.00385068312093
64544000000,-0.00748260212313
64590000000,-0.0107742081763
64634000000,-0.0198715897958
64676000000,-0.0232328900038
64716000000,-0.0204795417457
64751000000,-0.0204132468138
64789000000,-0.0244582229226
64828000000,-0.0278709130716
64876000000,-0.0280406211818
64908000000,-0.0277264328541
64933000000,-0.028405808203
64988000000,-0.0298968757663
65018000000,-0.0313036963407
65063000000,-0.0319933827967
65088000000,-0.0318198072121
65122000000,-0.0321011800006
65164000000,-0.032608245888
65214000000,-0.033259044158
65247000000,-0.03376741698
65288000000,-0.0348337509091
65322000000,-0.0364177612089
65336000000,-0.0371950448503
65379000000,-0.0381476734391
65431000000,-0.0376409331893
65456000000,-0.0365401560609
65498000000,-0.0367451449512
65544000000,-0.0379988401877
65581000000,-0.0341697866928
65621000000,-0.037997680727
65641000000,-0.0444033328323
65689000000,-0.0453069558988
65724000000,-0.0444817751189
65781000000,-0.0433239764071
65837000000,-0.041774628895
65887000000,-0.0418570894556
65928000000,-0.043954707915
65969000000,-0.0416120821272
65976000000,-0.0452231394673
66011000000,-0.0466468904864
66037000000,-0.0451848972258
66078000000,-0.0465186016255
66113000000,-0.0496866055538
66165000000,-0.0509399941735
66217000000,-0.050898213249
66263000000,-0.0502938033536
66318000000,-0.049706991856
66357000000,-0.0497958721486
66400000000,-0.0467573698375
66455000000,-0.0504810663634
66496000000,-0.0554178063816
66515000000,-0.0567415883184
66558000000,-0.0564402883595
66589000000,-0.055450433265
66633000000,0.024549566735
66677000000,0.104549566735
66716000000,0.184549566735
66777000000,0.264549566735
66819000000,0.29
66850000000,0.29
66873000000,0.232865372859
66916000000,0.176675403791
66941000000,0.0966754037912
66969000000,0.0166754037912
66981000000,-0.0633245962088
67024000000,-0.143324596209
67076000000,-0.184283842037
67139000000,-0.218931255323
67194000000,-0.279093879495
67246000000,-0.282353007769
67291000000,-0.231386012691
67338000000,-0.20094323295
67371000000,-0.162162887932
67406000000,-0.125427014626
67426000000,-0.10679904734
67462000000,-0.0904097074292
67499000000,-0.058209662895
67538000000,-0.0570451102738
67579000000,-0.0679485647873
67617000000,-0.0627346936813
67630000000,-0.0531005727421
67658000000,-0.050876162012
67681000000,-0.0555512660899
67733000000,-0.0568735291097
67768000000,-0.0525609450909
67804000000,-0.0488875382441
67856000000,-0.0506380681422
67880000000,-0.0540649868234
67925000000,-0.054373293871
67967000000,-0.052403167195
68019000000,-0.0519920710917
68062000000,-0.0537919502416
68092000000,-0.0547596023212
68132000000,-0.0540783653888
68166000000,-0.0532099404295
68202000000,0.0267900595705
68245000000,0.106790059571
68294000000,0.186790059571
68331000000,0.266790059571
68355000000,0.29
68399000000,0.29
68456000000,0.268505757511
68485000000,0.188505757511
68528000000,0.108505757511
68554000000,0.0285057575114
68589000000,-0.0514942424886
68616000000,-0.131494242489
68655000000,-0.211494242489
68682000000,-0.29
68714000000,-0.29
68735000000,-0.29
68750000000,-0.29
68775000000,-0.29
68801000000,-0.29
68832000000,-0.29
68871000000,-0.288146815354
68905000000,-0.27159677772
68922000000,-0.212385294497
68960000000,-0.170584806423
68995000000,-0.146118348979
69033000000,-0.112085158912
69045000000,-0.077745756002
69073000000,-0.0531201106982
69126000000,-0.0472172953966
69185000000,-0.0295757056063
69215000000,0.00420715174533
69262000000,0.0164856910938
69300000000,-2.3201073153e-05
69336000000,-0.0105795971431
69370000000,-0.0101084061914
69404000000,-0.00721831513061
69455000000,-0.0142115759185
69490000000,-0.0258418145712
69523000000,-0.0292245408601
69566000000,-0.0246161482816
69603000000,-0.0260213611562
69642000000,-0.0272237049738
69684000000,-0.0248299825844
69724000000,-0.0224444626339
69763000000,-0.0223524674793
69814000000,-0.0236562602672
69866000000,-0.0234740811917
69906000000,-0.0213295753704
69936000000,-0.0193098412705
69970000000,-0.0188879523383
70013000000,-0.0191899374856
70050000000,-0.0187929001756
70075000000,-0.0176095289523
70107000000,-0.0167038239854
70143000000,-0.0161307986142
70180000000,-0.0157614798869
70204000000,-0.0148610130889
70239000000,-0.0142898865184
70273000000,-0.0135104653786
70303000000,-0.0127800597281
70336000000,-0.0120320072956
70364000000,-0.0112542289779
70397000000,-0.0107517529252
70421000000,-0.0100745624
70448000000,-0.009715409701
70482000000,-0.0091580105702
70506000000,-0.00833455470182
70537000000,-0.00786012742307
70570000000,-0.00720889685879
70602000000,-0.00666864675966
70622000000,-0.00584152098599
70647000000,-0.00527086817056
70671000000,-0.00529424901965
70694000000,-0.004869993902
70722000000,-0.00424823844835
70750000000,-0.00387480736862
70780000000,-0.0030434755273
70812000000,-0.00241497556064
70845000000,-0.00163918019931
70872000000,-0.000878440927766
70907000000,-0.000507312947108
70932000000,0.000151450939665
70959000000,0.000464691159211
70987000000,0.00103516424567
71016000000,0.001738779603
71047000000,0.00211544765606
71082000000,0.00293161236075
71144000000,0.00361929477345
71207000000,-0.0763807052265
71255000000,-0.156380705227
71293000000,-0.236380705227
71318000000,-0.29
71373000000,-0.29
71406000000,-0.29
71442000000,-0.29
71479000000,-0.225957532869
71524000000,-0.145957532869
71550000000,-0.0659575328685
71575000000,0.0140424671315
71626000000,0.0940424671315
71676000000,0.174042467131
71725000000,0.240426898797
71774000000,0.227063066593
71816000000,0.225711505479
71850000000,0.193236488432
71902000000,0.16792341202
71942000000,0.106048653218
71974000000,0.0607383493165
72010000000,0.0585656663104
72048000000,0.0511953519998
72085000000,0.0332229411675
72116000000,0.0148975990857
72163000000,0.00764467470558
72193000000,0.00913133953522
72215000000,0.00872708960283
72230000000,0.00546236623816
72255000000,0.00450877984623
72290000000,0.00619557121514
72334000000,0.00792775569537
72380000000,0.00933411863495
72408000000,0.0101851263879
72447000000,0.0104333432512
72475000000,0.0107185884711
72521000000,0.0122826902457
72550000000,0.0122557505879
72592000000,0.0109943001408
72631000000,0.0108072373424
72677000000,0.0118570237863
72714000000,0.0127105867903
72746000000,0.0124974968015
72772000000,0.0119130657819
72823000000,0.0116314400653
72864000000,0.0121036027722
72896000000,0.0127943407108
72943000000,0.0125567654805
72978000000,0.0117446645605
73015000000,0.0113249156709
73053000000,0.0114549501724
73084000000,0.0126475373105
73114000000,0.0124430555644
73163000000,0.0114054562063
73201000000,0.0106789344089
73222000000,0.0117198901778
73270000000,0.0116863401242
73296000000,0.0110282589244
73325000000,0.0115373003433
73354000000,0.0114149871546
73379000000,0.0109499966617
73404000000,0.0109750425148
73425000000,0.011782637358
73493000000,0.0116707070956
73506000000,0.0111638132175
73525000000,0.0110426991364
73568000000,0.0113623543745
73628000000,0.0113731199546
73680000000,0.0112901385127
73706000000,0.0111427376482
73734000000,0.0111273883449
73776000000,0.0115639205253
73868000000,0.0111055213653
73892000000,0.0100712476834
73914000000,0.00974231306431
73957000000,0.00994538730439
73994000000,0.0101670157395
74013000000,0.0107531320755
74045000000,0.0112827232302
74080000000,0.0108811241917
74113000000,0.0101953380069
74134000000,0.0103385950854
74170000000,0.0111669120344
74194000000,0.0117027859303
74234000000,0.0109466130581
74268000000,0.0102606711895
74307000000,0.0109910701921
74342000000,0.0115641369832
74381000000,0.0115495992911
74416000000,0.0108574094304
74463000000,0.0106626710014
74496000000,0.0105505810581
74540000000,0.0105592958062
74571000000,0.0113266793059
74626000000,0.0107168270069
74670000000,0.00987681898671
74714000000,0.00960892165518
74751000000,0.009789623509
74779000000,0.010169343795
74822000000,0.0105001812329
74871000000,0.0107650944244
74897000000,0.0103206776374
74937000000,0.00989875393378
74972000000,0.00987252390633
74989000000,0.0099836961835
75025000000,0.0102078424097
75053000000,0.0102207426201
75086000000,0.010086575942
75118000000,0.0100008677996
75151000000,0.00994209565092
75176000000,0.0100337878257
75208000000,0.0100397068896
75244000000,0.00998667739611
75276000000,0.0102433057751
75306000000,0.00997227204192
75349000000,0.00976438690966
75406000000,0.00967432331578
75453000000,0.00973848705845
75480000000,0.00989987520006
75503000000,0.00987749213613
75535000000,0.00979215990344
75577000000,0.00970691910167
75616000000,0.00966050008772
75651000000,0.00962325983052
75681000000,0.00960570495084
75717000000,0.00964374838905
75752000000,0.0100620197186
75801000000,0.00962481732613
75839000000,0.00912356444131
75876000000,0.008970729212
75917000000,0.0102681119049
75927000000,0.00985142336741
75963000000,0.0107941369314
75997000000,0.00897530749912
76042000000,0.00786710810459
76079000000,0.00840858057913
76110000000,0.00987986557471
76150000000,0.0112834392886
76193000000,0.00950020112904
76223000000,0.00761016490038
76244000000,0.00778189164318
76284000000,0.00952728331353
76315000000,0.0105066588971
76344000000,0.00951169987482
76374000000,0.0081668949867
76426000000,0.00830453921679
76454000000,0.0096055150844
76498000000,0.0100477457667
76533000000,0.00862042368588
76588000000,0.00810784287408
76632000000,0.00989394325377
76672000000,0.0101578495854
76697000000,0.0080523556568
76734000000,0.00773508080133
76762000000,0.00941559265883
76796000000,0.0102515144701
76834000000,0.00890639046379
76864000000,0.00755050937776
76877000000,0.00813866572482
76909000000,0.0114033026159
76972000000,0.009042682669
77025000000,0.00464623958503
77075000000,0.00517271409585
77099000000,0.0103989842409
77172000000,0.0116611701402
77221000000,0.00443522554333
77272000000,0.00461294584172
77330000000,0.0154356225002
77384000000,0.0146389386769
77434000000,0.00394697509087
77468000000,0.000635476484664
77502000000,0.00963111681943
77549000000,0.0135617582271
77597000000,0.00696919306735
77636000000,0.00159510959843
77685000000,0.00647521029208
77727000000,0.0132037153306
77778000000,0.0111746622146
77799000000,0.00452821539752
77825000000,0.00511020508752
77865000000,0.00959543987534
77902000000,0.0132824354954
77933000000,0.00736060014104
77984000000,0.00375875585261
78028000000,0.00774328327119
78084000000,0.0118742283551
78124000000,0.0102180075151
78166000000,0.0057050807036
78210000000,0.0054576419569
78238000000,0.00967228046005
78280000000,0.010352855477
78321000000,0.00719024984854
78354000000,0.00553160272436
78405000000,0.00765888091567
78466000000,0.00984785287931
78517000000,0.00856320586803
78562000000,0.00591919932963
78603000000,0.00615065422404
78648000000,0.00855405751347
78696000000,0.00955911330701
78739000000,0.00754870991072
78782000000,0.00580944045786
78819000000,0.007208208405
78860000000,0.00898743022401
78888000000,0.00845217817697
78928000000,0.00673307961427
78953000000,0.0066872754997
78970000000,0.0080625063826
79002000000,0.00824398697752
79031000000,0.00711264570236
79052000000,0.00666442159582
79083000000,0.00739056294046
79118000000,0.00808052884078
79147000000,0.00759261148029
79176000000,0.00695162803408
79206000000,0.00717734966795
79244000000,0.00870171788942
79277000000,0.00762945879479
79305000000,0.00610116250856
79338000000,0.00674928340934
79377000000,0.0100785613317
79423000000,0.00765021157646
79464000000,0.00334751272481
79509000000,0.00465270317316
79556000000,0.00983171269973
79599000000,0.010360372249
79645000000,0.00159611529887
79691000000,0.00240361173044
79722000000,0.0173746914258
79763000000,0.0142547679648
79808000000,-0.00259080590081
79848000000,-0.00515633779001
79881000000,0.0111761117462
79908000000,0.0191601328445
79939000000,0.0047251441871
79985000000,-0.00691432956215
80017000000,0.00453349111189
80049000000,0.0212195526393
80098000000,0.0136148468602
80143000000,-0.00892948689115
80170000000,-0.00815587071552
80200000000,0.015581960288
80221000000,0.0202158387126
80255000000,-0.00165615792666
80293000000,-0.0121031240201
80318000000,0.00722400006521
80351000000,0.0235703962245
80376000000,0.00961249086725
80390000000,-0.0100527622224
80414000000,-0.00174806781647
80460000000,0.0219414343829
80484000000,0.0219553302952
80523000000,-0.000411723197043
80599000000,-0.0106106453346
80656000000,0.012580535995
80696000000,0.0396337223986
80741000000,0.0237191894845
80783000000,-0.0202787597594
80820000000,-0.0251114916824
80885000000,0.0246720516093
80886000000,0.0581314886787
80928000000,0.0147794492046
80950000000,-0.0330899593094
80997000000,-0.0081583280085
81012000000,0.0520595063146
81034000000,0.0403393206065
81075000000,-0.0224273328685
81105000000,-0.0367247702139
81134000000,0.0221318545448
81173000000,0.0563418777089
81209000000,0.00738829760681
81253000000,-0.0415146639142
81297000000,-0.0136042689106
81345000000,0.0476807489439
81380000000,0.0451859985458
81432000000,-0.0161892541004
81468000000,-0.044512864215
81510000000,0.0107698792369
81545000000,0.0630959033206
81595000000,0.0193056577044
81640000000,-0.054919232157
81680000000,-0.0347117875238
81746000000,0.0452882124762
81781000000,0.0845252160754
81812000000,0.00894127844872
81842000000,-0.0504335192261
81868000000,0.00920495090001
81908000000,0.07768301538
81999000000,0.0293820037569
82063000000,-0.0506179962431
82114000000,-0.109871537656
82157000000,-0.0298715376555
82184000000,0.0501284623445
82226000000,0.0433269831498
82280000000,-0.0342810023156
82317000000,-0.0550085406802
82357000000,0.0249914593198
82382000000,0.079102316509
82418000000,0.0160212134286
82471000000,-0.0547909349961
82507000000,-0.00742747456087
82546000000,0.0725725254391
82581000000,0.0474592537412
82622000000,-0.0325407462588
82656000000,-0.0414209255286
82699000000,0.0336528725091
82754000000,0.0635410914734
82767000000,-0.00311169545637
82792000000,-0.0456589436721
82823000000,0.00885437577661
82863000000,0.0575846261359
82895000000,0.0128297291524
82922000000,-0.0413626565127
82947000000,-0.00926799771127
82984000000,0.0466783443448
83015000000,0.0309985814172
83044000000,-0.0215667309909
83064000000,-0.0179568953532
83109000000,0.0215904728823
83138000000,0.0329749629527
83172000000,-0.00303433352049
83215000000,-0.0228756155885
83282000000,0.00769760025894
83329000000,0.0399444589876
83346000000,0.0178455659324
83370000000,-0.0102176326295
83391000000,0.00161518009897
83410000000,0.0275208489663
83444000000,0.0199879116312
83484000000,-0.0110801259192
83529000000,-0.0128290754231
83579000000,0.0208683104708
83635000000,0.0340775750625
83670000000,-0.00330501098976
83710000000,-0.0310672998767
83748000000,0.00210400778205
83783000000,0.043677886265
83827000000,0.0193637118319
83868000000,-0.037966630869
83902000000,-0.0267289519088
83933000000,0.0376676122038
83974000000,0.0410580139888
84009000000,-0.0264364551628
84047000000,-0.0488163129715
84085000000,0.0209887965665
84127000000,0.0655925556299
84167000000,0.000702462004784
84187000000,-0.0642462717252
84227000000,-0.00508843128307
84255000000,0.0749115687169
84283000000,0.0356499368666
84326000000,-0.0442343930177
84358000000,-0.0336472352459
84398000000,0.0463527647541
84441000000,0.0660824563761
84476000000,-0.0139175436239
84519000000,-0.0554923085418
84576000000,0.01694164588
84611000000,0.0917627739995
84657000000,0.0243514075546
84678000000,-0.0556485924454
84699000000,-0.0300364114613
84746000000,0.0224996605815
84759000000,0.0330062459436
84798000000,-0.0128668694105
84829000000,-0.0342232276652
84864000000,0.0116305533736
84914000000,0.0413256957633
84965000000,0.003771628568
84988000000,-0.0406053858913
85045000000,-0.0100598253684
85096000000,0.0578341917446
85142000000,0.0464360734149
85177000000,-0.0335639265851
85222000000,-0.0450366630419
85247000000,0.0349633369581
85276000000,0.0642447034461
85309000000,-0.00933871590796
85356000000,-0.0522912609492
85396000000,-0.000638655162771
85445000000,0.0602984362807
85485000000,0.0236442962164
85521000000,-0.0535475422006
85571000000,-0.0346735381962
85611000000,0.0453264618038
85636000000,0.0684656308118
85667000000,-0.00418120948754
85721000000,-0.0437423088391
85764000000,0.0182868813444
85812000000,0.0748468918276
85864000000,0.016278659918
85918000000,-0.063721340082
85956000000,-0.0421010767742
86006000000,0.0378989232258
86057000000,0.0624648133163
86107000000,-0.0175351866837
86161000000,-0.0817301082278
86218000000,-0.00655629042931
86266000000,0.0734437095707
86329000000,0.0529274107983
86365000000,-0.0270725892017
86404000000,-0.0574474124193
86415000000,0.0128600337804
86486000000,0.0665208907124
86522000000,0.00544597056453
86554000000,-0.0641645344904
86600000000,-0.014926070394
86641000000,0.065073929606
86679000000,0.0432677104868
86720000000,-0.0367322895132
86758000000,-0.0468577306671
86796000000,0.0298418733767
86835000000,0.0606431649089
86872000000,-0.0050086099958
86935000000,-0.0538793848004
86984000000,0.0044952999507
87019000000,0.0739219912574
87066000000,0.0269480995883
87108000000,-0.0530519004117
87145000000,-0.0355465500135
87193000000,0.0444534499865
87240000000,0.0572528025329
87266000000,-0.0227471974671
87311000000,-0.048232495277
87342000000,0.0262967821602
87390000000,0.0594492764751
87434000000,-0.00860556375704
87491000000,-0.0686198858661
87522000000,-0.00393604611587
87575000000,0.0661828648568
87623000000,0.0191404238707
87674000000,-0.0608595761293
87721000000,-0.0400187756817
87761000000,0.0399812243183
87797000000,0.0625583970087
87839000000,-0.00660927502176
87877000000,-0.0548815507966
87928000000,0.00411602753593
87969000000,0.0751523203313
88013000000,0.0296906281654
88058000000,-0.0503093718346
88099000000,-0.0351980250468
88138000000,0.0448019749532
88178000000,0.054497737508
88232000000,-0.0247442927086
88270000000,-0.0632017161324
88298000000,0.00368358205384
