%time,field.x,field.y,field.z
16923000000,0.0,0.0,3.0
17880000000,0.0,0.0,3.0
18736000000,0.0,0.0,3.0
19620000000,0.0,0.0,3.0
20716000000,0.0,0.0,3.0
21382000000,0.0,0.0,3.0
22209000000,0.0,0.0,3.0
23103000000,0.0,0.0,3.0
23957000000,0.0,0.0,3.0
24961000000,0.0,0.0,3.0
25851000000,0.0,0.0,3.0
26702000000,0.0,0.0,3.0
27324000000,0.0,0.0,3.0
28320000000,0.0,0.0,3.0
29247000000,0.0,0.0,3.0
30344000000,0.0,0.0,3.0
31017000000,0.0,0.0,3.0
31982000000,0.0,0.0,3.0
32754000000,0.0,0.0,3.0
33873000000,0.0,0.0,3.0
34800000000,0.0,0.0,3.0
35485000000,0.0,0.0,3.0
36307000000,0.0,0.0,3.0
37275000000,0.0,0.0,3.0
38062000000,0.0,0.0,3.0
39024000000,0.0,0.0,3.0
39904000000,0.0,0.0,3.0
40955000000,0.0,0.0,3.0
41938000000,0.0,0.0,3.0
42762000000,0.0,0.0,3.0
43688000000,0.0,0.0,3.0
44718000000,0.0,0.0,3.0
45484000000,0.0,0.0,3.0
46151000000,0.0,0.0,3.0
47137000000,0.0,0.0,3.0
47829000000,0.0,0.0,3.0
48626000000,0.0,0.0,3.0
49368000000,0.0,0.0,3.0
50265000000,0.0,0.0,3.0
50927000000,0.0,0.0,3.0
51726000000,0.0,0.0,3.0
52970000000,0.0,0.0,3.0
53439000000,0.0,0.0,3.0
54253000000,0.0,0.0,3.0
55142000000,0.0,0.0,3.0
56000000000,0.0,0.0,3.0
57068000000,0.0,0.0,3.0
57932000000,0.0,0.0,3.0
58825000000,0.0,0.0,3.0
59663000000,0.0,0.0,3.0
60484000000,0.0,0.0,3.0
61401000000,0.0,0.0,3.0
62331000000,0.0,0.0,3.0
63174000000,0.0,0.0,3.0
64011000000,0.0,0.0,3.0
64861000000,0.0,0.0,3.0
65483000000,0.0,0.0,3.0
66592000000,0.0,0.0,3.0
67760000000,0.0,0.0,3.0
68411000000,0.0,0.0,3.0
69119000000,0.0,0.0,3.0
70049000000,0.0,0.0,3.0
70831000000,0.0,0.0,3.0
71679000000,0.0,0.0,3.0
72772000000,0.0,0.0,3.0
73325000000,0.0,0.0,3.0
74292000000,0.0,0.0,3.0
74966000000,0.0,0.0,3.0
76083000000,0.0,0.0,3.0
76819000000,0.0,0.0,3.0
77638000000,0.0,0.0,3.0
78359000000,0.0,0.0,3.0
79311000000,0.0,0.0,3.0
80386000000,0.0,0.0,3.0
81224000000,0.0,0.0,3.0
82027000000,0.0,0.0,3.0
82886000000,0.0,0.0,3.0
83684000000,0.0,0.0,3.0
84870000000,0.0,0.0,3.0
85645000000,0.0,0.0,3.0
86426000000,0.0,0.0,3.0
87201000000,0.0,0.0,3.0
88151000000,0.0,0.0,3.0
88923000000,0.0,0.0,3.0
89894000000,0.0,0.0,3.0
90608000000,0.0,0.0,3.0
91736000000,0.0,0.0,3.0
92673000000,0.0,0.0,3.0
93384000000,0.0,0.0,3.0
94080000000,0.0,0.0,3.0
94962000000,0.0,0.0,3.0
95980000000,0.0,0.0,3.0
96792000000,0.0,0.0,3.0
97565000000,0.0,0.0,3.0
98453000000,0.0,0.0,3.0
99367000000,0.0,0.0,3.0
100158000000,0.0,0.0,3.0
100986000000,0.0,0.0,3.0
101843000000,0.0,0.0,3.0
102582000000,0.0,0.0,3.0
103292000000,0.0,0.0,3.0
104131000000,0.0,0.0,3.0
104942000000,0.0,0.0,3.0
105571000000,0.0,0.0,3.0
106530000000,0.0,0.0,3.0
107248000000,0.0,0.0,3.0
108250000000,0.0,0.0,3.0
108915000000,0.0,0.0,3.0
109882000000,0.0,0.0,3.0
110931000000,0.0,0.0,3.0
111685000000,0.0,0.0,3.0
112684000000,0.0,0.0,3.0
113275000000,0.0,0.0,3.0
114144000000,0.0,0.0,3.0
115002000000,0.0,0.0,3.0
115682000000,0.0,0.0,3.0
116694000000,0.0,0.0,3.0
117607000000,0.0,0.0,3.0
118592000000,0.0,0.0,3.0
119447000000,0.0,0.0,3.0
120473000000,0.0,0.0,3.0
121182000000,0.0,0.0,3.0
121911000000,0.0,0.0,3.0
123028000000,0.0,0.0,3.0
123753000000,0.0,0.0,3.0
124519000000,0.0,0.0,3.0
125602000000,0.0,0.0,3.0
126274000000,0.0,0.0,3.0
127232000000,0.0,0.0,3.0
128022000000,0.0,0.0,3.0
128915000000,0.0,0.0,3.0
129845000000,0.0,0.0,3.0
130621000000,0.0,0.0,3.0
131411000000,0.0,0.0,3.0
132270000000,0.0,0.0,3.0
133131000000,0.0,0.0,3.0
133942000000,0.0,0.0,3.0
134794000000,0.0,0.0,3.0
135642000000,0.0,0.0,3.0
136451000000,0.0,0.0,3.0
137296000000,0.0,0.0,3.0
138031000000,0.0,0.0,3.0
138970000000,0.0,0.0,3.0
139855000000,0.0,0.0,3.0
140939000000,0.0,0.0,3.0
141616000000,0.0,0.0,3.0
142748000000,0.0,0.0,3.0
143407000000,0.0,0.0,3.0
144485000000,0.0,0.0,3.0
145435000000,0.0,0.0,3.0
146333000000,0.0,0.0,3.0
147252000000,0.0,0.0,3.0
148152000000,0.0,0.0,3.0
148943000000,0.0,0.0,3.0
149671000000,0.0,0.0,3.0
150480000000,0.0,0.0,3.0
151162000000,0.0,0.0,3.0
151950000000,0.0,0.0,3.0
152759000000,0.0,0.0,3.0
153777000000,0.0,0.0,3.0
154691000000,0.0,0.0,3.0
155384000000,0.0,0.0,3.0
156373000000,0.0,0.0,3.0
156927000000,0.0,0.0,3.0
157625000000,0.0,0.0,3.0
158222000000,0.0,0.0,3.0
159087000000,0.0,0.0,3.0
159736000000,0.0,0.0,3.0
160383000000,0.0,0.0,3.0
161285000000,0.0,0.0,3.0
162036000000,0.0,0.0,3.0
163033000000,0.0,0.0,3.0
163967000000,0.0,0.0,3.0
164933000000,0.0,0.0,3.0
165552000000,0.0,0.0,3.0
166428000000,0.0,0.0,3.0
167266000000,0.0,0.0,3.0
168057000000,0.0,0.0,3.0
168991000000,0.0,0.0,3.0
169804000000,0.0,0.0,3.0
170649000000,0.0,0.0,3.0
171805000000,0.0,0.0,3.0
172495000000,0.0,0.0,3.0
173262000000,0.0,0.0,3.0
174162000000,0.0,0.0,3.0
174969000000,0.0,0.0,3.0
176053000000,0.0,0.0,3.0
176987000000,0.0,0.0,3.0
177777000000,0.0,0.0,3.0
178595000000,0.0,0.0,3.0
179262000000,0.0,0.0,3.0
180060000000,0.0,0.0,3.0
181017000000,0.0,0.0,3.0
182121000000,0.0,0.0,3.0
182778000000,0.0,0.0,3.0
183542000000,0.0,0.0,3.0
184325000000,0.0,0.0,3.0
185277000000,0.0,0.0,3.0
186121000000,0.0,0.0,3.0
187242000000,0.0,0.0,3.0
188003000000,0.0,0.0,3.0
188724000000,0.0,0.0,3.0
189441000000,0.0,0.0,3.0
190363000000,0.0,0.0,3.0
191352000000,0.0,0.0,3.0
191969000000,0.0,0.0,3.0
192970000000,0.0,0.0,3.0
193973000000,0.0,0.0,3.0
194891000000,0.0,0.0,3.0
195551000000,0.0,0.0,3.0
196667000000,0.0,0.0,3.0
197510000000,0.0,0.0,3.0
198606000000,0.0,0.0,3.0
199221000000,0.0,0.0,3.0
200054000000,0.0,0.0,3.0
201137000000,0.0,0.0,3.0
201992000000,0.0,0.0,3.0
202639000000,0.0,0.0,3.0
203521000000,0.0,0.0,3.0
204630000000,0.0,0.0,3.0
205210000000,0.0,0.0,3.0
205973000000,0.0,0.0,3.0
206832000000,0.0,0.0,3.0
207712000000,0.0,0.0,3.0
208285000000,0.0,0.0,3.0
209071000000,0.0,0.0,3.0
209910000000,0.0,0.0,3.0
210913000000,0.0,0.0,3.0
211691000000,0.0,0.0,3.0
212547000000,0.0,0.0,3.0
213636000000,0.0,0.0,3.0
214746000000,0.0,0.0,3.0
215499000000,0.0,0.0,3.0
216319000000,0.0,0.0,3.0
216887000000,0.0,0.0,3.0
217720000000,0.0,0.0,3.0
218592000000,0.0,0.0,3.0
219294000000,0.0,0.0,3.0
220275000000,0.0,0.0,3.0
221305000000,0.0,0.0,3.0
221986000000,0.0,0.0,3.0
222935000000,0.0,0.0,3.0
223761000000,0.0,0.0,3.0
224836000000,0.0,0.0,3.0
225574000000,0.0,0.0,3.0
226297000000,0.0,0.0,3.0
227341000000,0.0,0.0,3.0
228292000000,0.0,0.0,3.0
228917000000,0.0,0.0,3.0
229789000000,0.0,0.0,3.0
230664000000,0.0,0.0,3.0
231433000000,0.0,0.0,3.0
232234000000,0.0,0.0,3.0
233056000000,0.0,0.0,3.0
233828000000,0.0,0.0,3.0
234798000000,0.0,0.0,3.0
235677000000,0.0,0.0,3.0
236326000000,0.0,0.0,3.0
237294000000,0.0,0.0,3.0
238123000000,0.0,0.0,3.0
238950000000,0.0,0.0,3.0
239639000000,0.0,0.0,3.0
