%time,field.x,field.y,field.z
22772000000,0.0,0.0,3.0
23632000000,0.0,0.0,3.0
24516000000,0.0,0.0,3.0
25364000000,0.0,0.0,3.0
26196000000,0.0,0.0,3.0
27059000000,0.0,0.0,3.0
27922000000,0.0,0.0,3.0
29042000000,0.0,0.0,3.0
29960000000,0.0,0.0,3.0
30436000000,0.0,0.0,3.0
31576000000,0.0,0.0,3.0
32399000000,0.0,0.0,3.0
33376000000,0.0,0.0,3.0
34140000000,0.0,0.0,3.0
34849000000,0.0,0.0,3.0
35786000000,0.0,0.0,3.0
36940000000,0.0,0.0,3.0
37882000000,0.0,0.0,3.0
38551000000,0.0,0.0,3.0
39126000000,0.0,0.0,3.0
40151000000,0.0,0.0,3.0
40856000000,0.0,0.0,3.0
41911000000,0.0,0.0,3.0
42503000000,0.0,0.0,3.0
43481000000,0.0,0.0,3.0
44123000000,0.0,0.0,3.0
44980000000,0.0,0.0,3.0
45836000000,0.0,0.0,3.0
47040000000,0.0,0.0,3.0
47844000000,0.0,0.0,3.0
48671000000,0.0,0.0,3.0
49508000000,0.0,0.0,3.0
50435000000,0.0,0.0,3.0
51369000000,0.0,0.0,3.0
52135000000,0.0,0.0,3.0
52892000000,0.0,0.0,3.0
53695000000,0.0,0.0,3.0
54545000000,0.0,0.0,3.0
55517000000,0.0,0.0,3.0
56488000000,0.0,0.0,3.0
57136000000,0.0,0.0,3.0
58092000000,0.0,0.0,3.0
59206000000,0.0,0.0,3.0
60112000000,0.0,0.0,3.0
61053000000,0.0,0.0,3.0
61788000000,0.0,0.0,3.0
62570000000,0.0,0.0,3.0
63622000000,0.0,0.0,3.0
64492000000,0.0,0.0,3.0
65328000000,0.0,0.0,3.0
66139000000,0.0,0.0,3.0
66878000000,0.0,0.0,3.0
67633000000,0.0,0.0,3.0
68567000000,0.0,0.0,3.0
69539000000,0.0,0.0,3.0
70353000000,0.0,0.0,3.0
71068000000,0.0,0.0,3.0
71984000000,0.0,0.0,3.0
72986000000,0.0,0.0,3.0
73880000000,0.0,0.0,3.0
74544000000,0.0,0.0,3.0
75494000000,0.0,0.0,3.0
76299000000,0.0,0.0,3.0
77069000000,0.0,0.0,3.0
78128000000,0.0,0.0,3.0
78878000000,0.0,0.0,3.0
79734000000,0.0,0.0,3.0
80675000000,0.0,0.0,3.0
81307000000,0.0,0.0,3.0
82148000000,0.0,0.0,3.0
82953000000,0.0,0.0,3.0
83767000000,0.0,0.0,3.0
84647000000,0.0,0.0,3.0
85464000000,0.0,0.0,3.0
86437000000,0.0,0.0,3.0
87044000000,0.0,0.0,3.0
88010000000,0.0,0.0,3.0
89028000000,0.0,0.0,3.0
89799000000,0.0,0.0,3.0
90723000000,0.0,0.0,3.0
91669000000,0.0,0.0,3.0
92322000000,0.0,0.0,3.0
93225000000,0.0,0.0,3.0
94115000000,0.0,0.0,3.0
95250000000,0.0,0.0,3.0
96028000000,0.0,0.0,3.0
96888000000,0.0,0.0,3.0
97505000000,0.0,0.0,3.0
98751000000,0.0,0.0,3.0
99196000000,0.0,0.0,3.0
100060000000,0.0,0.0,3.0
100754000000,0.0,0.0,3.0
101603000000,0.0,0.0,3.0
102545000000,0.0,0.0,3.0
103300000000,0.0,0.0,3.0
104143000000,0.0,0.0,3.0
105054000000,0.0,0.0,3.0
105749000000,0.0,0.0,3.0
106805000000,0.0,0.0,3.0
107414000000,0.0,0.0,3.0
108356000000,0.0,0.0,3.0
109064000000,0.0,0.0,3.0
109753000000,0.0,0.0,3.0
110592000000,0.0,0.0,3.0
111285000000,0.0,0.0,3.0
111822000000,0.0,0.0,3.0
112649000000,0.0,0.0,3.0
113499000000,0.0,0.0,3.0
114185000000,0.0,0.0,3.0
115279000000,0.0,0.0,3.0
116068000000,0.0,0.0,3.0
116971000000,0.0,0.0,3.0
117835000000,0.0,0.0,3.0
118407000000,0.0,0.0,3.0
119760000000,0.0,0.0,3.0
120277000000,0.0,0.0,3.0
121139000000,0.0,0.0,3.0
121999000000,0.0,0.0,3.0
122790000000,0.0,0.0,3.0
123479000000,0.0,0.0,3.0
124135000000,0.0,0.0,3.0
124945000000,0.0,0.0,3.0
125769000000,0.0,0.0,3.0
126481000000,0.0,0.0,3.0
127295000000,0.0,0.0,3.0
128222000000,0.0,0.0,3.0
129325000000,0.0,0.0,3.0
130071000000,0.0,0.0,3.0
130791000000,0.0,0.0,3.0
131696000000,0.0,0.0,3.0
132711000000,0.0,0.0,3.0
133499000000,0.0,0.0,3.0
134340000000,0.0,0.0,3.0
135369000000,0.0,0.0,3.0
136135000000,0.0,0.0,3.0
137185000000,0.0,0.0,3.0
137878000000,0.0,0.0,3.0
138724000000,0.0,0.0,3.0
139830000000,0.0,0.0,3.0
140342000000,0.0,0.0,3.0
141217000000,0.0,0.0,3.0
142054000000,0.0,0.0,3.0
142786000000,0.0,0.0,3.0
143699000000,0.0,0.0,3.0
144746000000,0.0,0.0,3.0
145265000000,0.0,0.0,3.0
146052000000,0.0,0.0,3.0
146745000000,0.0,0.0,3.0
147749000000,0.0,0.0,3.0
148451000000,0.0,0.0,3.0
149617000000,0.0,0.0,3.0
150379000000,0.0,0.0,3.0
151335000000,0.0,0.0,3.0
152056000000,0.0,0.0,3.0
152768000000,0.0,0.0,3.0
153869000000,0.0,0.0,3.0
154839000000,0.0,0.0,3.0
155561000000,0.0,0.0,3.0
156614000000,0.0,0.0,3.0
157512000000,0.0,0.0,3.0
158308000000,0.0,0.0,3.0
159237000000,0.0,0.0,3.0
159743000000,0.0,0.0,3.0
160601000000,0.0,0.0,3.0
161477000000,0.0,0.0,3.0
162225000000,0.0,0.0,3.0
163012000000,0.0,0.0,3.0
164050000000,0.0,0.0,3.0
164845000000,0.0,0.0,3.0
165615000000,0.0,0.0,3.0
166315000000,0.0,0.0,3.0
167285000000,0.0,0.0,3.0
167975000000,0.0,0.0,3.0
168923000000,0.0,0.0,3.0
169672000000,0.0,0.0,3.0
170511000000,0.0,0.0,3.0
171467000000,0.0,0.0,3.0
172432000000,0.0,0.0,3.0
173169000000,0.0,0.0,3.0
173996000000,0.0,0.0,3.0
175072000000,0.0,0.0,3.0
175661000000,0.0,0.0,3.0
176434000000,0.0,0.0,3.0
177250000000,0.0,0.0,3.0
178350000000,0.0,0.0,3.0
179222000000,0.0,0.0,3.0
179952000000,0.0,0.0,3.0
180604000000,0.0,0.0,3.0
181502000000,0.0,0.0,3.0
182358000000,0.0,0.0,3.0
183199000000,0.0,0.0,3.0
184176000000,0.0,0.0,3.0
184735000000,0.0,0.0,3.0
185514000000,0.0,0.0,3.0
186435000000,0.0,0.0,3.0
187361000000,0.0,0.0,3.0
188312000000,0.0,0.0,3.0
188852000000,0.0,0.0,3.0
189829000000,0.0,0.0,3.0
190815000000,0.0,0.0,3.0
191629000000,0.0,0.0,3.0
192401000000,0.0,0.0,3.0
193217000000,0.0,0.0,3.0
193955000000,0.0,0.0,3.0
194683000000,0.0,0.0,3.0
195856000000,0.0,0.0,3.0
196429000000,0.0,0.0,3.0
197378000000,0.0,0.0,3.0
198036000000,0.0,0.0,3.0
198887000000,0.0,0.0,3.0
199617000000,0.0,0.0,3.0
200565000000,0.0,0.0,3.0
201194000000,0.0,0.0,3.0
202342000000,0.0,0.0,3.0
203134000000,0.0,0.0,3.0
203897000000,0.0,0.0,3.0
205019000000,0.0,0.0,3.0
205717000000,0.0,0.0,3.0
206606000000,0.0,0.0,3.0
207228000000,0.0,0.0,3.0
207954000000,0.0,0.0,3.0
209020000000,0.0,0.0,3.0
209864000000,0.0,0.0,3.0
210740000000,0.0,0.0,3.0
211655000000,0.0,0.0,3.0
212503000000,0.0,0.0,3.0
213425000000,0.0,0.0,3.0
214462000000,0.0,0.0,3.0
215414000000,0.0,0.0,3.0
216036000000,0.0,0.0,3.0
216732000000,0.0,0.0,3.0
217559000000,0.0,0.0,3.0
218380000000,0.0,0.0,3.0
219217000000,0.0,0.0,3.0
220067000000,0.0,0.0,3.0
220705000000,0.0,0.0,3.0
221661000000,0.0,0.0,3.0
222422000000,0.0,0.0,3.0
223219000000,0.0,0.0,3.0
223934000000,0.0,0.0,3.0
224929000000,0.0,0.0,3.0
225754000000,0.0,0.0,3.0
226559000000,0.0,0.0,3.0
227318000000,0.0,0.0,3.0
228066000000,0.0,0.0,3.0
229060000000,0.0,0.0,3.0
229781000000,0.0,0.0,3.0
230661000000,0.0,0.0,3.0
231551000000,0.0,0.0,3.0
232346000000,0.0,0.0,3.0
233233000000,0.0,0.0,3.0
234005000000,0.0,0.0,3.0
234913000000,0.0,0.0,3.0
235928000000,0.0,0.0,3.0
236438000000,0.0,0.0,3.0
237243000000,0.0,0.0,3.0
238266000000,0.0,0.0,3.0
239184000000,0.0,0.0,3.0
240241000000,0.0,0.0,3.0
240902000000,0.0,0.0,3.0
241910000000,0.0,0.0,3.0
242576000000,0.0,0.0,3.0
243507000000,0.0,0.0,3.0
244170000000,0.0,0.0,3.0
244930000000,0.0,0.0,3.0
245896000000,0.0,0.0,3.0
